UNITS=MM
#Layer_Color=16711935
#
#Feature symbol names
#
$0 r199.9996
$1 r99.9998
$2 r127
$3 r254

#
#Feature attribute names
#
@0 .nomenclature
@1 .string
@2 .string_angle

#
#Feature attribute text strings
#
&0 PCB EDGE

#
#Layer features
#
A 13.37352164 3.18108584 13.37352164 3.18108584 13.27352184 3.18108584 0 P 0 N
A 26.12876664 10.9000036 26.12876664 10.9000036 26.02876684 10.9000036 0 P 0 N
A 28.57000128 11.0800007 28.57000128 11.0800007 28.47000148 11.0800007 0 P 0 N
A 35.5899974 16.19561658 35.5899974 16.19561658 35.4899976 16.19561658 0 P 0 N
A 46.14309288 10.9000036 46.14309288 10.9000036 46.04309308 10.9000036 0 P 0 N
A 48.57000192 11.0800007 48.57000192 11.0800007 48.47000212 11.0800007 0 P 0 N
A 55.58999804 16.19561658 55.58999804 16.19561658 55.48999824 16.19561658 0 P 0 N
A 66.1930604 10.19999992 66.1930604 10.19999992 66.0930606 10.19999992 0 P 0 N
A 68.57000002 11.0800007 68.57000002 11.0800007 68.47000022 11.0800007 0 P 0 N
A 75.58999868 14.89210382 75.58999868 14.89210382 75.48999888 14.89210382 0 P 0 N
A 86.10689408 10.12993656 86.10689408 10.12993656 86.00689428 10.12993656 0 P 0 N
A 88.57000066 11.0800007 88.57000066 11.0800007 88.47000086 11.0800007 0 P 0 N
A 95.58999932 14.89210382 95.58999932 14.89210382 95.48999952 14.89210382 0 P 0 N
A 123.50147004 21.1338287 123.50147004 21.1338287 123.40147024 21.1338287 0 P 0 N
A 125.92115278 9.76655654 125.92115278 9.76655654 125.82115298 9.76655654 0 P 0 N
A 125.92115532 13.17733966 125.92115532 13.17733966 125.82115552 13.17733966 0 P 0 N
A 129.07499966 6.7499992 129.07499966 6.7499992 128.97499986 6.7499992 0 P 0 N
L -1.00000054 8.02999918 -1.00000054 16.97000162 2 P 0
L -1.00000054 8.02999918 6.35 8.02999918 2 P 0
L -1.00000054 16.97000162 6.35 16.97000162 2 P 0
L 6.35 8.02999918 6.35 16.97000162 2 P 0
L 8.23661548 2.48800874 8.23661548 4.98800882 0 P 0
L 8.23661548 2.48800874 10.23661656 2.48800874 0 P 0
L 8.23661548 4.98800882 10.23661656 4.98800882 0 P 0
L 10.23661656 2.48800874 10.23661656 4.98800882 0 P 0
L 11.59352266 9.47608468 11.59352266 18.40108588 2 P 0
L 11.59352266 9.47608468 21.75352266 9.47608468 2 P 0
L 11.59352266 18.40108588 21.75352266 18.40108588 2 P 0
L 21.75352266 9.47608468 21.75352266 18.40108588 2 P 0
L 26.07876674 11.75000444 26.07876674 12.55000284 2 P 0
L 26.07876674 11.75000444 27.07876474 11.75000444 2 P 0
L 26.07876674 12.55000284 27.07876474 12.55000284 2 P 0
L 27.07876474 11.75000444 27.07876474 12.55000284 2 P 0
L 29.3950009 -2.99999908 29.3950009 13.50000094 1 P 0
L 29.3950009 -2.99999908 43.74500014 -2.99999908 1 P 0
L 29.3950009 13.50000094 43.74500014 13.50000094 1 P 0
L 33.14999974 14.96411536 33.14999974 15.22411484 2 P 0
L 33.14999974 14.96411536 33.28999946 14.96411536 2 P 0
L 33.14999974 15.22411484 33.28999946 15.22411484 2 P 0
L 33.28999946 14.96411536 33.28999946 15.22411484 2 P 0
L 33.85000088 14.96411536 33.85000088 15.22411484 2 P 0
L 33.85000088 14.96411536 33.9900006 14.96411536 2 P 0
L 33.85000088 15.22411484 33.9900006 15.22411484 2 P 0
L 33.9900006 14.96411536 33.9900006 15.22411484 2 P 0
L 35.31999794 16.91561768 35.31999794 17.91561568 2 P 0
L 35.31999794 16.91561768 37.81999802 16.91561768 2 P 0
L 35.31999794 17.91561568 37.81999802 17.91561568 2 P 0
L 37.81999802 16.91561768 37.81999802 17.91561568 2 P 0
L 43.74500014 -2.99999908 43.74500014 13.50000094 1 P 0
L 46.09309298 11.75000444 46.09309298 12.55000284 2 P 0
L 46.09309298 11.75000444 47.09309098 11.75000444 2 P 0
L 46.09309298 12.55000284 47.09309098 12.55000284 2 P 0
L 47.09309098 11.75000444 47.09309098 12.55000284 2 P 0
L 49.39500154 -2.99999908 49.39500154 13.50000094 1 P 0
L 49.39500154 -2.99999908 63.74500078 -2.99999908 1 P 0
L 49.39500154 13.50000094 63.74500078 13.50000094 1 P 0
L 53.15000038 14.96010978 53.15000038 15.22010926 2 P 0
L 53.15000038 14.96010978 53.2900001 14.96010978 2 P 0
L 53.15000038 15.22010926 53.2900001 15.22010926 2 P 0
L 53.2900001 14.96010978 53.2900001 15.22010926 2 P 0
L 53.84999898 14.96010978 53.84999898 15.22010926 2 P 0
L 53.84999898 14.96010978 53.9899987 14.96010978 2 P 0
L 53.84999898 15.22010926 53.9899987 15.22010926 2 P 0
L 53.9899987 14.96010978 53.9899987 15.22010926 2 P 0
L 55.31999858 16.91561768 55.31999858 17.91561568 2 P 0
L 55.31999858 16.91561768 57.81999866 16.91561768 2 P 0
L 55.31999858 17.91561568 57.81999866 17.91561568 2 P 0
L 57.81999866 16.91561768 57.81999866 17.91561568 2 P 0
L 63.74500078 -2.99999908 63.74500078 13.50000094 1 P 0
L 66.1430605 11.05000076 66.1430605 11.84999916 2 P 0
L 66.1430605 11.05000076 67.1430585 11.05000076 2 P 0
L 66.1430605 11.84999916 67.1430585 11.84999916 2 P 0
L 67.1430585 11.05000076 67.1430585 11.84999916 2 P 0
L 69.39499964 -2.99999908 69.39499964 13.50000094 1 P 0
L 69.39499964 -2.99999908 83.74499888 -2.99999908 1 P 0
L 69.39499964 13.50000094 83.74499888 13.50000094 1 P 0
L 73.16117702 14.19326346 73.16117702 14.45326294 2 P 0
L 73.16117702 14.19326346 73.30117674 14.19326346 2 P 0
L 73.16117702 14.45326294 73.30117674 14.45326294 2 P 0
L 73.30117674 14.19326346 73.30117674 14.45326294 2 P 0
L 73.86117562 14.19326346 73.86117562 14.45326294 2 P 0
L 73.86117562 14.19326346 74.00117534 14.19326346 2 P 0
L 73.86117562 14.45326294 74.00117534 14.45326294 2 P 0
L 74.00117534 14.19326346 74.00117534 14.45326294 2 P 0
L 75.31999922 15.61210492 75.31999922 16.61210292 2 P 0
L 75.31999922 15.61210492 77.8199993 15.61210492 2 P 0
L 75.31999922 16.61210292 77.8199993 16.61210292 2 P 0
L 77.8199993 15.61210492 77.8199993 16.61210292 2 P 0
L 83.74499888 -2.99999908 83.74499888 13.50000094 1 P 0
L 86.05689418 10.9799374 86.05689418 11.7799358 2 P 0
L 86.05689418 10.9799374 87.05689218 10.9799374 2 P 0
L 86.05689418 11.7799358 87.05689218 11.7799358 2 P 0
L 87.05689218 10.9799374 87.05689218 11.7799358 2 P 0
L 89.39500028 -2.99999908 89.39500028 13.50000094 1 P 0
L 89.39500028 -2.99999908 103.74499952 -2.99999908 1 P 0
L 89.39500028 13.50000094 103.74499952 13.50000094 1 P 0
L 93.17460664 14.19325838 93.17460664 14.45325786 2 P 0
L 93.17460664 14.19325838 93.31460636 14.19325838 2 P 0
L 93.17460664 14.45325786 93.31460636 14.45325786 2 P 0
L 93.31460636 14.19325838 93.31460636 14.45325786 2 P 0
L 93.87460778 14.19325838 93.87460778 14.45325786 2 P 0
L 93.87460778 14.19325838 94.0146075 14.19325838 2 P 0
L 93.87460778 14.45325786 94.0146075 14.45325786 2 P 0
L 94.0146075 14.19325838 94.0146075 14.45325786 2 P 0
L 95.31999986 15.61210492 95.31999986 16.61210292 2 P 0
L 95.31999986 15.61210492 97.81999994 15.61210492 2 P 0
L 95.31999986 16.61210292 97.81999994 16.61210292 2 P 0
L 97.81999994 15.61210492 97.81999994 16.61210292 2 P 0
L 103.74499952 -2.99999908 103.74499952 13.50000094 1 P 0
L 108.38697652 16.1079815 114.7509389 9.74401912 1 P 0
L 108.38697652 16.1079815 114.7509389 22.47194388 1 P 0
L 114.3973836 22.11838858 115.1044942 22.11838858 1 P 0
L 114.44050264 3.9670101 114.44050264 4.10700982 2 P 0
L 114.44050264 3.9670101 114.70050212 3.9670101 2 P 0
L 114.44050264 4.10700982 114.70050212 4.10700982 2 P 0
L 114.44473936 4.45648842 114.44473936 4.59648814 2 P 0
L 114.44473936 4.45648842 114.70473884 4.45648842 2 P 0
L 114.44473936 4.59648814 114.70473884 4.59648814 2 P 0
L 114.70050212 3.9670101 114.70050212 4.10700982 2 P 0
L 114.70473884 4.45648842 114.70473884 4.59648814 2 P 0
L 114.7509389 9.74401912 121.11490128 16.1079815 1 P 0
L 114.7509389 22.47194388 121.11490128 16.1079815 1 P 0
L 116.31854308 2.42838732 116.31854308 6.92838848 1 P 0
L 116.31854308 2.42838732 118.81854316 2.42838732 1 P 0
L 116.31854308 6.92838848 118.81854316 6.92838848 1 P 0
L 118.81854316 2.42838732 118.81854316 6.92838848 1 P 0
L 121.751471 21.1838286 121.751471 22.1838266 2 P 0
L 121.751471 21.1838286 122.5514694 21.1838286 2 P 0
L 121.751471 22.1838266 122.5514694 22.1838266 2 P 0
L 122.5514694 21.1838286 122.5514694 22.1838266 2 P 0
L 123.03647224 13.70754434 123.03647224 13.84754406 2 P 0
L 123.03647224 13.70754434 123.29647172 13.70754434 2 P 0
L 123.03647224 13.84754406 123.29647172 13.84754406 2 P 0
L 123.04086136 13.18986694 123.04086136 13.32986666 2 P 0
L 123.04086136 13.18986694 123.30086084 13.18986694 2 P 0
L 123.04086136 13.32986666 123.30086084 13.32986666 2 P 0
L 123.06162078 10.28847574 123.06162078 10.42847546 2 P 0
L 123.06162078 10.28847574 123.32162026 10.28847574 2 P 0
L 123.06162078 10.42847546 123.32162026 10.42847546 2 P 0
L 123.06240056 9.76421974 123.06240056 9.90421946 2 P 0
L 123.06240056 9.76421974 123.32240004 9.76421974 2 P 0
L 123.06240056 9.90421946 123.32240004 9.90421946 2 P 0
L 123.29647172 13.70754434 123.29647172 13.84754406 2 P 0
L 123.30086084 13.18986694 123.30086084 13.32986666 2 P 0
L 123.32162026 10.28847574 123.32162026 10.42847546 2 P 0
L 123.32240004 9.76421974 123.32240004 9.90421946 2 P 0
L 124.10115388 9.59655688 124.10115388 12.09655696 2 P 0
L 124.10115388 9.59655688 125.10115188 9.59655688 2 P 0
L 124.10115388 12.09655696 125.10115188 12.09655696 2 P 0
L 124.10115642 13.00734 124.10115642 15.50734008 2 P 0
L 124.10115642 13.00734 125.10115442 13.00734 2 P 0
L 124.10115642 15.50734008 125.10115442 15.50734008 2 P 0
L 125.10115188 9.59655688 125.10115188 12.09655696 2 P 0
L 125.10115442 13.00734 125.10115442 15.50734008 2 P 0
L 127.90000074 7.87999948 127.90000074 17.12000132 2 P 0
L 127.90000074 7.87999948 136.04999968 7.87999948 2 P 0
L 127.90000074 17.12000132 136.29999918 17.12000132 2 P 0
L 134.32149158 17.89999976 134.32149158 18.66175338 3 P 0 ;0,1=0,2=90.000000
L 134.32149158 18.66175338 134.5754103 18.9156721 3 P 0 ;0,1=0,2=90.000000
L 134.32149158 19.67742572 134.5754103 19.423507 3 P 0 ;0,1=0,2=90.000000
L 134.32149158 20.18526062 134.32149158 19.67742572 3 P 0 ;0,1=0,2=90.000000
L 134.32149158 20.94701424 135.84499882 20.94701424 3 P 0 ;0,1=0,2=90.000000
L 134.32149158 21.70876786 134.32149158 20.94701424 3 P 0 ;0,1=0,2=90.000000
L 134.32149158 23.99402872 135.84499882 23.99402872 3 P 0 ;0,1=0,2=90.000000
L 134.32149158 25.00970106 134.32149158 23.99402872 3 P 0 ;0,1=0,2=90.000000
L 134.32149158 25.51753596 135.84499882 25.51753596 3 P 0 ;0,1=0,2=90.000000
L 134.32149158 26.27928958 134.32149158 25.51753596 3 P 0 ;0,1=0,2=90.000000
L 134.32149158 27.29496192 134.5754103 27.0410432 3 P 0 ;0,1=0,2=90.000000
L 134.32149158 27.80279682 134.32149158 27.29496192 3 P 0 ;0,1=0,2=90.000000
L 134.32149158 28.56455044 135.84499882 28.56455044 3 P 0 ;0,1=0,2=90.000000
L 134.32149158 29.58022278 134.32149158 28.56455044 3 P 0 ;0,1=0,2=90.000000
L 134.5754103 18.9156721 135.0832452 18.9156721 3 P 0 ;0,1=0,2=90.000000
L 134.5754103 19.423507 135.5910801 19.423507 3 P 0 ;0,1=0,2=90.000000
L 134.5754103 20.43917934 134.32149158 20.18526062 3 P 0 ;0,1=0,2=90.000000
L 134.5754103 21.96268658 134.32149158 21.70876786 3 P 0 ;0,1=0,2=90.000000
L 134.5754103 26.5332083 134.32149158 26.27928958 3 P 0 ;0,1=0,2=90.000000
L 134.5754103 27.0410432 135.5910801 27.0410432 3 P 0 ;0,1=0,2=90.000000
L 134.5754103 28.05671554 134.32149158 27.80279682 3 P 0 ;0,1=0,2=90.000000
L 134.82932648 21.96268658 134.5754103 21.96268658 3 P 0 ;0,1=0,2=90.000000
L 135.0832452 18.9156721 135.33716392 18.66175338 3 P 0 ;0,1=0,2=90.000000
L 135.0832452 20.94701424 135.0832452 21.70876786 3 P 0 ;0,1=0,2=90.000000
L 135.0832452 21.70876786 134.82932648 21.96268658 3 P 0 ;0,1=0,2=90.000000
L 135.0832452 21.70876786 135.0832452 20.94701424 3 P 0 ;0,1=0,2=90.000000
L 135.0832452 23.99402872 135.0832452 24.50186362 3 P 0 ;0,1=0,2=90.000000
L 135.0832452 28.05671554 135.0832452 27.5488781 3 P 0 ;0,1=0,2=90.000000
L 135.0832452 28.56455044 135.0832452 29.07238534 3 P 0 ;0,1=0,2=90.000000
L 135.33716392 18.66175338 135.33716392 17.89999976 3 P 0 ;0,1=0,2=90.000000
L 135.33716392 21.96268658 135.0832452 21.70876786 3 P 0 ;0,1=0,2=90.000000
L 135.5910801 19.423507 135.84499882 19.67742572 3 P 0 ;0,1=0,2=90.000000
L 135.5910801 21.96268658 135.33716392 21.96268658 3 P 0 ;0,1=0,2=90.000000
L 135.5910801 26.5332083 134.5754103 26.5332083 3 P 0 ;0,1=0,2=90.000000
L 135.5910801 27.0410432 135.84499882 27.29496192 3 P 0 ;0,1=0,2=90.000000
L 135.5910801 28.05671554 135.0832452 28.05671554 3 P 0 ;0,1=0,2=90.000000
L 135.84499882 17.89999976 134.32149158 17.89999976 3 P 0 ;0,1=0,2=90.000000
L 135.84499882 19.67742572 135.84499882 20.18526062 3 P 0 ;0,1=0,2=90.000000
L 135.84499882 20.18526062 135.5910801 20.43917934 3 P 0 ;0,1=0,2=90.000000
L 135.84499882 20.94701424 135.84499882 21.70876786 3 P 0 ;0,1=0,2=90.000000
L 135.84499882 21.70876786 135.5910801 21.96268658 3 P 0 ;0,1=0,2=90.000000
L 135.84499882 23.99402872 135.84499882 25.00970106 3 P 0 ;0,1=0,2=90.000000
L 135.84499882 25.51753596 135.84499882 26.27928958 3 P 0 ;0,1=0,2=90.000000
L 135.84499882 26.27928958 135.5910801 26.5332083 3 P 0 ;0,1=0,2=90.000000
L 135.84499882 27.29496192 135.84499882 27.80279682 3 P 0 ;0,1=0,2=90.000000
L 135.84499882 27.80279682 135.5910801 28.05671554 3 P 0 ;0,1=0,2=90.000000
L 135.84499882 28.56455044 135.84499882 29.58022278 3 P 0 ;0,1=0,2=90.000000
L 136.04999968 7.87999948 136.04999968 21.00000118 2 P 0
L 136.04999968 7.87999948 136.29999918 7.87999948 2 P 0
L 136.29999918 7.87999948 136.29999918 8.13000152 2 P 0
L 136.29999918 8.13000152 137.00000032 8.13000152 2 P 0
L 136.29999918 16.86999928 136.29999918 17.12000132 2 P 0
L 136.29999918 16.86999928 137.00000032 16.86999928 2 P 0
L 137.00000032 8.13000152 137.00000032 16.86999928 2 P 0
