UNITS=MM
#Layer_Color=9474304
#
#Feature symbol names
#
$0 r127
$1 r169.33164
$2 r101.6

#
#Feature attribute names
#

#
#Layer features
#
A 30.50800096 8.78000022 30.50800096 8.78000022 30.00000096 8.78000022 1 P 0 N
A 43.64800008 8.78000022 43.64800008 8.78000022 43.14000008 8.78000022 1 P 0 N
A 50.5080016 8.78000022 50.5080016 8.78000022 50.0000016 8.78000022 1 P 0 N
A 63.64800072 8.78000022 63.64800072 8.78000022 63.14000072 8.78000022 1 P 0 N
A 70.5079997 8.78000022 70.5079997 8.78000022 69.9999997 8.78000022 1 P 0 N
A 83.64799882 8.78000022 83.64799882 8.78000022 83.13999882 8.78000022 1 P 0 N
A 90.50800034 8.78000022 90.50800034 8.78000022 90.00000034 8.78000022 1 P 0 N
A 103.64799946 8.78000022 103.64799946 8.78000022 103.13999946 8.78000022 1 P 0 N
A 133.61480008 7.99999924 133.61480008 7.99999924 133.31000008 7.99999924 2 P 0 N
A 133.61480008 17.00000156 133.61480008 17.00000156 133.31000008 17.00000156 2 P 0 N
A 133.81800008 7.99999924 133.81800008 7.99999924 133.31000008 7.99999924 1 P 0 N
A 133.81800008 17.00000156 133.81800008 17.00000156 133.31000008 17.00000156 1 P 0 N
L 1.09199934 7.92600142 1.34599934 7.92600142 0 P 0
L 1.09199934 7.92600142 1.34599934 8.18000142 0 P 0
L 1.09199934 8.43400142 1.34599934 8.18000142 0 P 0
L 1.09199934 8.43400142 1.34599934 8.43400142 0 P 0
L 1.09199934 16.56599938 1.34599934 16.56599938 0 P 0
L 1.09199934 16.56599938 1.34599934 16.81999938 0 P 0
L 1.09199934 17.07399938 1.34599934 16.81999938 0 P 0
L 1.09199934 17.07399938 1.34599934 17.07399938 0 P 0
L 1.34599934 7.92600142 1.59999934 7.67200142 0 P 0
L 1.34599934 8.43400142 1.59999934 8.68800142 0 P 0
L 1.34599934 16.56599938 1.59999934 16.31199938 0 P 0
L 1.34599934 17.07399938 1.59999934 17.32799938 0 P 0
L 1.59999934 7.67200142 1.85399934 7.92600142 0 P 0
L 1.59999934 8.68800142 1.85399934 8.43400142 0 P 0
L 1.59999934 16.31199938 1.85399934 16.56599938 0 P 0
L 1.59999934 17.32799938 1.85399934 17.07399938 0 P 0
L 1.85399934 7.92600142 2.10799934 7.92600142 0 P 0
L 1.85399934 8.18000142 2.10799934 7.92600142 0 P 0
L 1.85399934 8.18000142 2.10799934 8.43400142 0 P 0
L 1.85399934 8.43400142 2.10799934 8.43400142 0 P 0
L 1.85399934 16.56599938 2.10799934 16.56599938 0 P 0
L 1.85399934 16.81999938 2.10799934 16.56599938 0 P 0
L 1.85399934 16.81999938 2.10799934 17.07399938 0 P 0
L 1.85399934 17.07399938 2.10799934 17.07399938 0 P 0
L 2.49199908 2.99999908 2.99999908 2.49199908 0 P 0
L 2.49199908 2.99999908 2.99999908 3.50799908 0 P 0
L 2.49199908 21.99999918 2.99999908 21.49199918 0 P 0
L 2.49199908 21.99999918 2.99999908 22.50799918 0 P 0
L 2.99999908 2.49199908 3.50799908 2.99999908 0 P 0
L 2.99999908 3.50799908 3.50799908 2.99999908 0 P 0
L 2.99999908 21.49199918 3.50799908 21.99999918 0 P 0
L 2.99999908 22.50799918 3.50799908 21.99999918 0 P 0
L 4.7719996 10.1180011 5.2799996 9.1020011 0 P 0
L 4.7719996 10.1180011 5.7879996 10.1180011 0 P 0
L 4.7719996 15.8979997 5.2799996 14.8819997 0 P 0
L 4.7719996 15.8979997 5.7879996 15.8979997 0 P 0
L 5.2719986 7.67200142 5.5259986 8.18000142 0 P 0
L 5.2719986 7.67200142 5.7799986 7.92600142 0 P 0
L 5.2719986 8.68800142 5.5259986 8.18000142 0 P 0
L 5.2719986 8.68800142 5.7799986 8.43400142 0 P 0
L 5.2719986 16.31199938 5.5259986 16.81999938 0 P 0
L 5.2719986 16.31199938 5.7799986 16.56599938 0 P 0
L 5.2719986 17.32799938 5.5259986 16.81999938 0 P 0
L 5.2719986 17.32799938 5.7799986 17.07399938 0 P 0
L 5.2799996 9.1020011 5.7879996 10.1180011 0 P 0
L 5.2799996 14.8819997 5.7879996 15.8979997 0 P 0
L 5.7799986 7.92600142 6.2879986 7.67200142 0 P 0
L 5.7799986 8.43400142 6.2879986 8.68800142 0 P 0
L 5.7799986 16.56599938 6.2879986 16.31199938 0 P 0
L 5.7799986 17.07399938 6.2879986 17.32799938 0 P 0
L 6.0339986 8.18000142 6.2879986 7.67200142 0 P 0
L 6.0339986 8.18000142 6.2879986 8.68800142 0 P 0
L 6.0339986 16.81999938 6.2879986 16.31199938 0 P 0
L 6.0339986 16.81999938 6.2879986 17.32799938 0 P 0
L 24.41650438 16.79626308 24.92450438 15.78026308 0 P 0
L 24.41650438 16.79626308 25.43250438 16.79626308 0 P 0
L 24.42050234 15.3357961 24.92850234 14.3197961 0 P 0
L 24.42050234 15.3357961 25.43650234 15.3357961 0 P 0
L 24.42050234 16.08579714 24.92850234 15.06979714 0 P 0
L 24.42050234 16.08579714 25.43650234 16.08579714 0 P 0
L 24.44056834 14.70270872 24.94856834 13.68670872 0 P 0
L 24.44056834 14.70270872 25.45656834 14.70270872 0 P 0
L 24.61970438 16.59306308 24.92450438 15.98346308 0 P 0
L 24.61970438 16.59306308 25.22930438 16.59306308 0 P 0
L 24.62370234 15.1325961 24.92850234 14.5229961 0 P 0
L 24.62370234 15.1325961 25.23330234 15.1325961 0 P 0
L 24.62370234 15.88259714 24.92850234 15.27299714 0 P 0
L 24.62370234 15.88259714 25.23330234 15.88259714 0 P 0
L 24.64376834 14.49950872 24.94856834 13.88990872 0 P 0
L 24.64376834 14.49950872 25.25336834 14.49950872 0 P 0
L 24.92450438 15.78026308 25.43250438 16.79626308 0 P 0
L 24.92450438 15.98346308 25.22930438 16.59306308 0 P 0
L 24.92850234 14.3197961 25.43650234 15.3357961 0 P 0
L 24.92850234 14.5229961 25.23330234 15.1325961 0 P 0
L 24.92850234 15.06979714 25.43650234 16.08579714 0 P 0
L 24.92850234 15.27299714 25.23330234 15.88259714 0 P 0
L 24.94856834 13.68670872 25.45656834 14.70270872 0 P 0
L 24.94856834 13.88990872 25.25336834 14.49950872 0 P 0
L 32.0620009 11.77200084 32.0620009 12.78800084 0 P 0
L 32.0620009 11.77200084 33.0780009 11.77200084 0 P 0
L 32.0620009 12.78800084 33.0780009 12.78800084 0 P 0
L 32.5619999 10.2720013 32.5619999 11.2880013 0 P 0
L 32.5619999 10.2720013 33.5779999 10.2720013 0 P 0
L 32.5619999 11.2880013 33.5779999 11.2880013 0 P 0
L 33.0780009 11.77200084 33.0780009 12.78800084 0 P 0
L 33.5779999 10.2720013 33.5779999 11.2880013 0 P 0
L 34.06199944 11.77200084 34.06199944 12.78800084 0 P 0
L 34.06199944 11.77200084 35.07799944 11.77200084 0 P 0
L 34.06199944 12.78800084 35.07799944 12.78800084 0 P 0
L 35.06199998 10.2720013 35.06199998 11.2880013 0 P 0
L 35.06199998 10.2720013 36.07799998 10.2720013 0 P 0
L 35.06199998 11.2880013 36.07799998 11.2880013 0 P 0
L 35.07799944 11.77200084 35.07799944 12.78800084 0 P 0
L 36.06200052 11.77200084 36.06200052 12.78800084 0 P 0
L 36.06200052 11.77200084 37.07800052 11.77200084 0 P 0
L 36.06200052 12.78800084 37.07800052 12.78800084 0 P 0
L 36.07799998 10.2720013 36.07799998 11.2880013 0 P 0
L 37.06200106 10.2720013 37.06200106 11.2880013 0 P 0
L 37.06200106 10.2720013 38.07800106 10.2720013 0 P 0
L 37.06200106 11.2880013 38.07800106 11.2880013 0 P 0
L 37.07800052 11.77200084 37.07800052 12.78800084 0 P 0
L 38.0620016 11.77200084 38.0620016 12.78800084 0 P 0
L 38.0620016 11.77200084 39.0780016 11.77200084 0 P 0
L 38.0620016 12.78800084 39.0780016 12.78800084 0 P 0
L 38.07800106 10.2720013 38.07800106 11.2880013 0 P 0
L 39.0780016 11.77200084 39.0780016 12.78800084 0 P 0
L 39.56200114 10.2720013 39.56200114 11.2880013 0 P 0
L 39.56200114 10.2720013 40.57800114 10.2720013 0 P 0
L 39.56200114 11.2880013 40.57800114 11.2880013 0 P 0
L 40.06200014 11.77200084 40.06200014 12.78800084 0 P 0
L 40.06200014 11.77200084 41.07800014 11.77200084 0 P 0
L 40.06200014 12.78800084 41.07800014 12.78800084 0 P 0
L 40.57800114 10.2720013 40.57800114 11.2880013 0 P 0
L 41.07800014 11.77200084 41.07800014 12.78800084 0 P 0
L 45.0752591 17.30160116 45.5832591 16.28560116 0 P 0
L 45.0752591 17.30160116 46.0912591 17.30160116 0 P 0
L 45.2784591 17.09840116 45.5832591 16.48880116 0 P 0
L 45.2784591 17.09840116 45.8880591 17.09840116 0 P 0
L 45.5832591 16.28560116 46.0912591 17.30160116 0 P 0
L 45.5832591 16.48880116 45.8880591 17.09840116 0 P 0
L 45.71009146 17.3011338 46.21809146 16.2851338 0 P 0
L 45.71009146 17.3011338 46.72609146 17.3011338 0 P 0
L 45.91329146 17.0979338 46.21809146 16.4883338 0 P 0
L 45.91329146 17.0979338 46.52289146 17.0979338 0 P 0
L 46.21809146 16.2851338 46.72609146 17.3011338 0 P 0
L 46.21809146 16.4883338 46.52289146 17.0979338 0 P 0
L 46.4600925 17.3011338 46.9680925 16.2851338 0 P 0
L 46.4600925 17.3011338 47.4760925 17.3011338 0 P 0
L 46.6632925 17.0979338 46.9680925 16.4883338 0 P 0
L 46.6632925 17.0979338 47.2728925 17.0979338 0 P 0
L 46.9680925 16.2851338 47.4760925 17.3011338 0 P 0
L 46.9680925 16.4883338 47.2728925 17.0979338 0 P 0
L 47.08458198 17.28956664 47.59258198 16.27356664 0 P 0
L 47.08458198 17.28956664 48.10058198 17.28956664 0 P 0
L 47.28778198 17.08636664 47.59258198 16.47676664 0 P 0
L 47.28778198 17.08636664 47.89738198 17.08636664 0 P 0
L 47.59258198 16.27356664 48.10058198 17.28956664 0 P 0
L 47.59258198 16.47676664 47.89738198 17.08636664 0 P 0
L 52.06200154 11.77200084 52.06200154 12.78800084 0 P 0
L 52.06200154 11.77200084 53.07800154 11.77200084 0 P 0
L 52.06200154 12.78800084 53.07800154 12.78800084 0 P 0
L 52.56200054 10.2720013 52.56200054 11.2880013 0 P 0
L 52.56200054 10.2720013 53.57800054 10.2720013 0 P 0
L 52.56200054 11.2880013 53.57800054 11.2880013 0 P 0
L 53.07800154 11.77200084 53.07800154 12.78800084 0 P 0
L 53.57800054 10.2720013 53.57800054 11.2880013 0 P 0
L 54.06200008 11.77200084 54.06200008 12.78800084 0 P 0
L 54.06200008 11.77200084 55.07800008 11.77200084 0 P 0
L 54.06200008 12.78800084 55.07800008 12.78800084 0 P 0
L 55.06200062 10.2720013 55.06200062 11.2880013 0 P 0
L 55.06200062 10.2720013 56.07800062 10.2720013 0 P 0
L 55.06200062 11.2880013 56.07800062 11.2880013 0 P 0
L 55.07800008 11.77200084 55.07800008 12.78800084 0 P 0
L 56.06200116 11.77200084 56.06200116 12.78800084 0 P 0
L 56.06200116 11.77200084 57.07800116 11.77200084 0 P 0
L 56.06200116 12.78800084 57.07800116 12.78800084 0 P 0
L 56.07800062 10.2720013 56.07800062 11.2880013 0 P 0
L 57.0620017 10.2720013 57.0620017 11.2880013 0 P 0
L 57.0620017 10.2720013 58.0780017 10.2720013 0 P 0
L 57.0620017 11.2880013 58.0780017 11.2880013 0 P 0
L 57.07800116 11.77200084 57.07800116 12.78800084 0 P 0
L 58.06200224 11.77200084 58.06200224 12.78800084 0 P 0
L 58.06200224 11.77200084 59.07800224 11.77200084 0 P 0
L 58.06200224 12.78800084 59.07800224 12.78800084 0 P 0
L 58.0780017 10.2720013 58.0780017 11.2880013 0 P 0
L 59.07800224 11.77200084 59.07800224 12.78800084 0 P 0
L 59.56200178 10.2720013 59.56200178 11.2880013 0 P 0
L 59.56200178 10.2720013 60.57800178 10.2720013 0 P 0
L 59.56200178 11.2880013 60.57800178 11.2880013 0 P 0
L 60.06200078 11.77200084 60.06200078 12.78800084 0 P 0
L 60.06200078 11.77200084 61.07800078 11.77200084 0 P 0
L 60.06200078 12.78800084 61.07800078 12.78800084 0 P 0
L 60.57800178 10.2720013 60.57800178 11.2880013 0 P 0
L 61.07800078 11.77200084 61.07800078 12.78800084 0 P 0
L 64.0945759 16.63077192 64.6025759 15.61477192 0 P 0
L 64.0945759 16.63077192 65.1105759 16.63077192 0 P 0
L 64.13076074 15.1844883 64.63876074 14.1684883 0 P 0
L 64.13076074 15.1844883 65.14676074 15.1844883 0 P 0
L 64.13076074 15.93448934 64.63876074 14.91848934 0 P 0
L 64.13076074 15.93448934 65.14676074 15.93448934 0 P 0
L 64.14632078 14.54379108 64.65432078 13.52779108 0 P 0
L 64.14632078 14.54379108 65.16232078 14.54379108 0 P 0
L 64.2977759 16.42757192 64.6025759 15.81797192 0 P 0
L 64.2977759 16.42757192 64.9073759 16.42757192 0 P 0
L 64.33396074 14.9812883 64.63876074 14.3716883 0 P 0
L 64.33396074 14.9812883 64.94356074 14.9812883 0 P 0
L 64.33396074 15.73128934 64.63876074 15.12168934 0 P 0
L 64.33396074 15.73128934 64.94356074 15.73128934 0 P 0
L 64.34952078 14.34059108 64.65432078 13.73099108 0 P 0
L 64.34952078 14.34059108 64.95912078 14.34059108 0 P 0
L 64.6025759 15.61477192 65.1105759 16.63077192 0 P 0
L 64.6025759 15.81797192 64.9073759 16.42757192 0 P 0
L 64.63876074 14.1684883 65.14676074 15.1844883 0 P 0
L 64.63876074 14.3716883 64.94356074 14.9812883 0 P 0
L 64.63876074 14.91848934 65.14676074 15.93448934 0 P 0
L 64.63876074 15.12168934 64.94356074 15.73128934 0 P 0
L 64.65432078 13.52779108 65.16232078 14.54379108 0 P 0
L 64.65432078 13.73099108 64.95912078 14.34059108 0 P 0
L 71.65145182 18.31642768 72.15945182 17.30042768 0 P 0
L 71.65145182 18.31642768 72.66745182 18.31642768 0 P 0
L 71.85465182 18.11322768 72.15945182 17.50362768 0 P 0
L 71.85465182 18.11322768 72.46425182 18.11322768 0 P 0
L 72.06199964 11.77200084 72.06199964 12.78800084 0 P 0
L 72.06199964 11.77200084 73.07799964 11.77200084 0 P 0
L 72.06199964 12.78800084 73.07799964 12.78800084 0 P 0
L 72.15945182 17.30042768 72.66745182 18.31642768 0 P 0
L 72.15945182 17.50362768 72.46425182 18.11322768 0 P 0
L 72.23410496 18.307812 72.74210496 17.291812 0 P 0
L 72.23410496 18.307812 73.25010496 18.307812 0 P 0
L 72.43730496 18.104612 72.74210496 17.495012 0 P 0
L 72.43730496 18.104612 73.04690496 18.104612 0 P 0
L 72.56199864 10.2720013 72.56199864 11.2880013 0 P 0
L 72.56199864 10.2720013 73.57799864 10.2720013 0 P 0
L 72.56199864 11.2880013 73.57799864 11.2880013 0 P 0
L 72.74210496 17.291812 73.25010496 18.307812 0 P 0
L 72.74210496 17.495012 73.04690496 18.104612 0 P 0
L 72.984106 18.307812 73.492106 17.291812 0 P 0
L 72.984106 18.307812 74.000106 18.307812 0 P 0
L 73.07799964 11.77200084 73.07799964 12.78800084 0 P 0
L 73.187306 18.104612 73.492106 17.495012 0 P 0
L 73.187306 18.104612 73.796906 18.104612 0 P 0
L 73.4353243 18.66723216 73.9433243 17.65123216 0 P 0
L 73.4353243 18.66723216 74.4513243 18.66723216 0 P 0
L 73.492106 17.291812 74.000106 18.307812 0 P 0
L 73.492106 17.495012 73.796906 18.104612 0 P 0
L 73.57799864 10.2720013 73.57799864 11.2880013 0 P 0
L 73.6385243 18.46403216 73.9433243 17.85443216 0 P 0
L 73.6385243 18.46403216 74.2481243 18.46403216 0 P 0
L 73.9433243 17.65123216 74.4513243 18.66723216 0 P 0
L 73.9433243 17.85443216 74.2481243 18.46403216 0 P 0
L 74.06199818 11.77200084 74.06199818 12.78800084 0 P 0
L 74.06199818 11.77200084 75.07799818 11.77200084 0 P 0
L 74.06199818 12.78800084 75.07799818 12.78800084 0 P 0
L 75.06199872 10.2720013 75.06199872 11.2880013 0 P 0
L 75.06199872 10.2720013 76.07799872 10.2720013 0 P 0
L 75.06199872 11.2880013 76.07799872 11.2880013 0 P 0
L 75.07799818 11.77200084 75.07799818 12.78800084 0 P 0
L 75.86855286 18.0626512 76.37655286 17.0466512 0 P 0
L 75.86855286 18.0626512 76.88455286 18.0626512 0 P 0
L 76.06199926 11.77200084 76.06199926 12.78800084 0 P 0
L 76.06199926 11.77200084 77.07799926 11.77200084 0 P 0
L 76.06199926 12.78800084 77.07799926 12.78800084 0 P 0
L 76.07175286 17.8594512 76.37655286 17.2498512 0 P 0
L 76.07175286 17.8594512 76.68135286 17.8594512 0 P 0
L 76.07799872 10.2720013 76.07799872 11.2880013 0 P 0
L 76.37655286 17.0466512 76.88455286 18.0626512 0 P 0
L 76.37655286 17.2498512 76.68135286 17.8594512 0 P 0
L 76.43699978 18.03781 76.94499978 17.02181 0 P 0
L 76.43699978 18.03781 77.45299978 18.03781 0 P 0
L 76.64019978 17.83461 76.94499978 17.22501 0 P 0
L 76.64019978 17.83461 77.24979978 17.83461 0 P 0
L 76.94499978 17.02181 77.45299978 18.03781 0 P 0
L 76.94499978 17.22501 77.24979978 17.83461 0 P 0
L 77.0619998 10.2720013 77.0619998 11.2880013 0 P 0
L 77.0619998 10.2720013 78.0779998 10.2720013 0 P 0
L 77.0619998 11.2880013 78.0779998 11.2880013 0 P 0
L 77.07799926 11.77200084 77.07799926 12.78800084 0 P 0
L 77.18700082 18.03781 77.69500082 17.02181 0 P 0
L 77.18700082 18.03781 78.20300082 18.03781 0 P 0
L 77.39020082 17.83461 77.69500082 17.22501 0 P 0
L 77.39020082 17.83461 77.99980082 17.83461 0 P 0
L 77.69500082 17.02181 78.20300082 18.03781 0 P 0
L 77.69500082 17.22501 77.99980082 17.83461 0 P 0
L 77.79423862 17.99547836 78.30223862 16.97947836 0 P 0
L 77.79423862 17.99547836 78.81023862 17.99547836 0 P 0
L 77.99743862 17.79227836 78.30223862 17.18267836 0 P 0
L 77.99743862 17.79227836 78.60703862 17.79227836 0 P 0
L 78.06200034 11.77200084 78.06200034 12.78800084 0 P 0
L 78.06200034 11.77200084 79.07800034 11.77200084 0 P 0
L 78.06200034 12.78800084 79.07800034 12.78800084 0 P 0
L 78.0779998 10.2720013 78.0779998 11.2880013 0 P 0
L 78.30223862 16.97947836 78.81023862 17.99547836 0 P 0
L 78.30223862 17.18267836 78.60703862 17.79227836 0 P 0
L 79.07800034 11.77200084 79.07800034 12.78800084 0 P 0
L 79.56199988 10.2720013 79.56199988 11.2880013 0 P 0
L 79.56199988 10.2720013 80.57799988 10.2720013 0 P 0
L 79.56199988 11.2880013 80.57799988 11.2880013 0 P 0
L 80.06199888 11.77200084 80.06199888 12.78800084 0 P 0
L 80.06199888 11.77200084 81.07799888 11.77200084 0 P 0
L 80.06199888 12.78800084 81.07799888 12.78800084 0 P 0
L 80.57799988 10.2720013 80.57799988 11.2880013 0 P 0
L 81.07799888 11.77200084 81.07799888 12.78800084 0 P 0
L 83.86550918 16.78615896 84.37350918 15.77015896 0 P 0
L 83.86550918 16.78615896 84.88150918 16.78615896 0 P 0
L 83.89399274 15.3463879 84.40199274 14.3303879 0 P 0
L 83.89399274 15.3463879 84.90999274 15.3463879 0 P 0
L 83.89399274 16.09638894 84.40199274 15.08038894 0 P 0
L 83.89399274 16.09638894 84.90999274 16.09638894 0 P 0
L 83.9206983 14.68906892 84.4286983 13.67306892 0 P 0
L 83.9206983 14.68906892 84.9366983 14.68906892 0 P 0
L 84.06870918 16.58295896 84.37350918 15.97335896 0 P 0
L 84.06870918 16.58295896 84.67830918 16.58295896 0 P 0
L 84.09719274 15.1431879 84.40199274 14.5335879 0 P 0
L 84.09719274 15.1431879 84.70679274 15.1431879 0 P 0
L 84.09719274 15.89318894 84.40199274 15.28358894 0 P 0
L 84.09719274 15.89318894 84.70679274 15.89318894 0 P 0
L 84.1238983 14.48586892 84.4286983 13.87626892 0 P 0
L 84.1238983 14.48586892 84.7334983 14.48586892 0 P 0
L 84.37350918 15.77015896 84.88150918 16.78615896 0 P 0
L 84.37350918 15.97335896 84.67830918 16.58295896 0 P 0
L 84.40199274 14.3303879 84.90999274 15.3463879 0 P 0
L 84.40199274 14.5335879 84.70679274 15.1431879 0 P 0
L 84.40199274 15.08038894 84.90999274 16.09638894 0 P 0
L 84.40199274 15.28358894 84.70679274 15.89318894 0 P 0
L 84.4286983 13.67306892 84.9366983 14.68906892 0 P 0
L 84.4286983 13.87626892 84.7334983 14.48586892 0 P 0
L 92.06200028 11.77200084 92.06200028 12.78800084 0 P 0
L 92.06200028 11.77200084 93.07800028 11.77200084 0 P 0
L 92.06200028 12.78800084 93.07800028 12.78800084 0 P 0
L 92.56199928 10.2720013 92.56199928 11.2880013 0 P 0
L 92.56199928 10.2720013 93.57799928 10.2720013 0 P 0
L 92.56199928 11.2880013 93.57799928 11.2880013 0 P 0
L 93.07800028 11.77200084 93.07800028 12.78800084 0 P 0
L 93.57799928 10.2720013 93.57799928 11.2880013 0 P 0
L 94.06199882 11.77200084 94.06199882 12.78800084 0 P 0
L 94.06199882 11.77200084 95.07799882 11.77200084 0 P 0
L 94.06199882 12.78800084 95.07799882 12.78800084 0 P 0
L 95.06199936 10.2720013 95.06199936 11.2880013 0 P 0
L 95.06199936 10.2720013 96.07799936 10.2720013 0 P 0
L 95.06199936 11.2880013 96.07799936 11.2880013 0 P 0
L 95.07799882 11.77200084 95.07799882 12.78800084 0 P 0
L 96.0619999 11.77200084 96.0619999 12.78800084 0 P 0
L 96.0619999 11.77200084 97.0779999 11.77200084 0 P 0
L 96.0619999 12.78800084 97.0779999 12.78800084 0 P 0
L 96.07799936 10.2720013 96.07799936 11.2880013 0 P 0
L 97.06200044 10.2720013 97.06200044 11.2880013 0 P 0
L 97.06200044 10.2720013 98.07800044 10.2720013 0 P 0
L 97.06200044 11.2880013 98.07800044 11.2880013 0 P 0
L 97.0779999 11.77200084 97.0779999 12.78800084 0 P 0
L 98.06200098 11.77200084 98.06200098 12.78800084 0 P 0
L 98.06200098 11.77200084 99.07800098 11.77200084 0 P 0
L 98.06200098 12.78800084 99.07800098 12.78800084 0 P 0
L 98.07800044 10.2720013 98.07800044 11.2880013 0 P 0
L 99.07800098 11.77200084 99.07800098 12.78800084 0 P 0
L 99.56200052 10.2720013 99.56200052 11.2880013 0 P 0
L 99.56200052 10.2720013 100.57800052 10.2720013 0 P 0
L 99.56200052 11.2880013 100.57800052 11.2880013 0 P 0
L 100.06199952 11.77200084 100.06199952 12.78800084 0 P 0
L 100.06199952 11.77200084 101.07799952 11.77200084 0 P 0
L 100.06199952 12.78800084 101.07799952 12.78800084 0 P 0
L 100.57800052 10.2720013 100.57800052 11.2880013 0 P 0
L 101.07799952 11.77200084 101.07799952 12.78800084 0 P 0
L 102.65377234 15.81819036 103.16177234 14.80219036 0 P 0
L 102.65377234 15.81819036 103.66977234 15.81819036 0 P 0
L 102.65377234 16.5681914 103.16177234 15.5521914 0 P 0
L 102.65377234 16.5681914 103.66977234 16.5681914 0 P 0
L 102.65856278 15.24057404 103.16656278 14.22457404 0 P 0
L 102.65856278 15.24057404 103.67456278 15.24057404 0 P 0
L 102.67221782 17.17232024 103.18021782 16.15632024 0 P 0
L 102.67221782 17.17232024 103.68821782 17.17232024 0 P 0
L 102.85697234 15.61499036 103.16177234 15.00539036 0 P 0
L 102.85697234 15.61499036 103.46657234 15.61499036 0 P 0
L 102.85697234 16.3649914 103.16177234 15.7553914 0 P 0
L 102.85697234 16.3649914 103.46657234 16.3649914 0 P 0
L 102.86176278 15.03737404 103.16656278 14.42777404 0 P 0
L 102.86176278 15.03737404 103.47136278 15.03737404 0 P 0
L 102.87541782 16.96912024 103.18021782 16.35952024 0 P 0
L 102.87541782 16.96912024 103.48501782 16.96912024 0 P 0
L 103.16177234 14.80219036 103.66977234 15.81819036 0 P 0
L 103.16177234 15.00539036 103.46657234 15.61499036 0 P 0
L 103.16177234 15.5521914 103.66977234 16.5681914 0 P 0
L 103.16177234 15.7553914 103.46657234 16.3649914 0 P 0
L 103.16656278 14.22457404 103.67456278 15.24057404 0 P 0
L 103.16656278 14.42777404 103.47136278 15.03737404 0 P 0
L 103.18021782 16.15632024 103.68821782 17.17232024 0 P 0
L 103.18021782 16.35952024 103.48501782 16.96912024 0 P 0
L 106.31647774 18.3289702 106.82447774 17.3129702 0 P 0
L 106.31647774 18.3289702 107.33247774 18.3289702 0 P 0
L 106.51967774 18.1257702 106.82447774 17.5161702 0 P 0
L 106.51967774 18.1257702 107.12927774 18.1257702 0 P 0
L 106.63016266 17.85474458 107.13816266 16.83874458 0 P 0
L 106.63016266 17.85474458 107.64616266 17.85474458 0 P 0
L 106.82447774 17.3129702 107.33247774 18.3289702 0 P 0
L 106.82447774 17.5161702 107.12927774 18.1257702 0 P 0
L 106.83336266 17.65154458 107.13816266 17.04194458 0 P 0
L 106.83336266 17.65154458 107.44296266 17.65154458 0 P 0
L 107.13306742 8.83021856 107.64106742 7.81421856 0 P 0
L 107.13306742 8.83021856 108.14906742 8.83021856 0 P 0
L 107.13816266 16.83874458 107.64616266 17.85474458 0 P 0
L 107.13816266 17.04194458 107.44296266 17.65154458 0 P 0
L 107.33626742 8.62701856 107.64106742 8.01741856 0 P 0
L 107.33626742 8.62701856 107.94586742 8.62701856 0 P 0
L 107.38607174 14.36370508 107.89407174 13.34770508 0 P 0
L 107.38607174 14.36370508 108.40207174 14.36370508 0 P 0
L 107.418251 9.4027752 107.926251 8.3867752 0 P 0
L 107.418251 9.4027752 108.434251 9.4027752 0 P 0
L 107.45335126 18.31661056 107.96135126 17.30061056 0 P 0
L 107.45335126 18.31661056 108.46935126 18.31661056 0 P 0
L 107.57529412 17.72548398 108.08329412 16.70948398 0 P 0
L 107.57529412 17.72548398 108.59129412 17.72548398 0 P 0
L 107.58927174 14.16050508 107.89407174 13.55090508 0 P 0
L 107.58927174 14.16050508 108.19887174 14.16050508 0 P 0
L 107.621451 9.1995752 107.926251 8.5899752 0 P 0
L 107.621451 9.1995752 108.231051 9.1995752 0 P 0
L 107.64106742 7.81421856 108.14906742 8.83021856 0 P 0
L 107.64106742 8.01741856 107.94586742 8.62701856 0 P 0
L 107.65655126 18.11341056 107.96135126 17.50381056 0 P 0
L 107.65655126 18.11341056 108.26615126 18.11341056 0 P 0
L 107.77791246 13.39158104 108.28591246 12.37558104 0 P 0
L 107.77791246 13.39158104 108.79391246 13.39158104 0 P 0
L 107.77849412 17.52228398 108.08329412 16.91268398 0 P 0
L 107.77849412 17.52228398 108.38809412 17.52228398 0 P 0
L 107.83651026 12.84250162 108.34451026 11.82650162 0 P 0
L 107.83651026 12.84250162 108.85251026 12.84250162 0 P 0
L 107.89407174 13.34770508 108.40207174 14.36370508 0 P 0
L 107.89407174 13.55090508 108.19887174 14.16050508 0 P 0
L 107.926251 8.3867752 108.434251 9.4027752 0 P 0
L 107.926251 8.5899752 108.231051 9.1995752 0 P 0
L 107.96135126 17.30061056 108.46935126 18.31661056 0 P 0
L 107.96135126 17.50381056 108.26615126 18.11341056 0 P 0
L 107.97626614 12.10564 108.48426614 11.08964 0 P 0
L 107.97626614 12.10564 108.99226614 12.10564 0 P 0
L 107.97872994 14.446377 108.48672994 13.430377 0 P 0
L 107.97872994 14.446377 108.99472994 14.446377 0 P 0
L 107.98111246 13.18838104 108.28591246 12.57878104 0 P 0
L 107.98111246 13.18838104 108.59071246 13.18838104 0 P 0
L 108.03971026 12.63930162 108.34451026 12.02970162 0 P 0
L 108.03971026 12.63930162 108.64931026 12.63930162 0 P 0
L 108.08329412 16.70948398 108.59129412 17.72548398 0 P 0
L 108.08329412 16.91268398 108.38809412 17.52228398 0 P 0
L 108.08669518 11.55323572 108.59469518 10.53723572 0 P 0
L 108.08669518 11.55323572 109.10269518 11.55323572 0 P 0
L 108.10471902 1.326642 108.61271902 0.310642 0 P 0
L 108.10471902 1.326642 109.12071902 1.326642 0 P 0
L 108.16825204 9.4027752 108.67625204 8.3867752 0 P 0
L 108.16825204 9.4027752 109.18425204 9.4027752 0 P 0
L 108.17946614 11.90244 108.48426614 11.29284 0 P 0
L 108.17946614 11.90244 108.78906614 11.90244 0 P 0
L 108.18192994 14.243177 108.48672994 13.633577 0 P 0
L 108.18192994 14.243177 108.79152994 14.243177 0 P 0
L 108.25489398 2.75007324 108.76289398 1.73407324 0 P 0
L 108.25489398 2.75007324 109.27089398 2.75007324 0 P 0
L 108.28591246 12.37558104 108.79391246 13.39158104 0 P 0
L 108.28591246 12.57878104 108.59071246 13.18838104 0 P 0
L 108.28989518 11.35003572 108.59469518 10.74043572 0 P 0
L 108.28989518 11.35003572 108.89949518 11.35003572 0 P 0
L 108.30791902 1.123442 108.61271902 0.513842 0 P 0
L 108.30791902 1.123442 108.91751902 1.123442 0 P 0
L 108.34451026 11.82650162 108.85251026 12.84250162 0 P 0
L 108.34451026 12.02970162 108.64931026 12.63930162 0 P 0
L 108.37145204 9.1995752 108.67625204 8.5899752 0 P 0
L 108.37145204 9.1995752 108.98105204 9.1995752 0 P 0
L 108.45809398 2.54687324 108.76289398 1.93727324 0 P 0
L 108.45809398 2.54687324 109.06769398 2.54687324 0 P 0
L 108.4582667 8.80339108 108.9662667 7.78739108 0 P 0
L 108.4582667 8.80339108 109.4742667 8.80339108 0 P 0
L 108.48426614 11.08964 108.99226614 12.10564 0 P 0
L 108.48426614 11.29284 108.78906614 11.90244 0 P 0
L 108.48672994 13.430377 108.99472994 14.446377 0 P 0
L 108.48672994 13.633577 108.79152994 14.243177 0 P 0
L 108.50189628 13.90898158 109.00989628 12.89298158 0 P 0
L 108.50189628 13.90898158 109.51789628 13.90898158 0 P 0
L 108.58302134 1.56768546 109.09102134 0.55168546 0 P 0
L 108.58302134 1.56768546 109.59902134 1.56768546 0 P 0
L 108.58302134 2.3176865 109.09102134 1.3016865 0 P 0
L 108.58302134 2.3176865 109.59902134 2.3176865 0 P 0
L 108.59469518 10.53723572 109.10269518 11.55323572 0 P 0
L 108.59469518 10.74043572 108.89949518 11.35003572 0 P 0
L 108.61271902 0.310642 109.12071902 1.326642 0 P 0
L 108.61271902 0.513842 108.91751902 1.123442 0 P 0
L 108.6614667 8.60019108 108.9662667 7.99059108 0 P 0
L 108.6614667 8.60019108 109.2710667 8.60019108 0 P 0
L 108.67625204 8.3867752 109.18425204 9.4027752 0 P 0
L 108.67625204 8.5899752 108.98105204 9.1995752 0 P 0
L 108.70509628 13.70578158 109.00989628 13.09618158 0 P 0
L 108.70509628 13.70578158 109.31469628 13.70578158 0 P 0
L 108.76289398 1.73407324 109.27089398 2.75007324 0 P 0
L 108.76289398 1.93727324 109.06769398 2.54687324 0 P 0
L 108.78622134 1.36448546 109.09102134 0.75488546 0 P 0
L 108.78622134 1.36448546 109.39582134 1.36448546 0 P 0
L 108.78622134 2.1144865 109.09102134 1.5048865 0 P 0
L 108.78622134 2.1144865 109.39582134 2.1144865 0 P 0
L 108.84142062 13.47732128 109.34942062 12.46132128 0 P 0
L 108.84142062 13.47732128 109.85742062 13.47732128 0 P 0
L 108.9662667 7.78739108 109.4742667 8.80339108 0 P 0
L 108.9662667 7.99059108 109.2710667 8.60019108 0 P 0
L 109.00989628 12.89298158 109.51789628 13.90898158 0 P 0
L 109.00989628 13.09618158 109.31469628 13.70578158 0 P 0
L 109.04462062 13.27412128 109.34942062 12.66452128 0 P 0
L 109.04462062 13.27412128 109.65422062 13.27412128 0 P 0
L 109.05697264 20.9288507 109.56497264 19.9128507 0 P 0
L 109.05697264 20.9288507 110.07297264 20.9288507 0 P 0
L 109.09102134 0.55168546 109.59902134 1.56768546 0 P 0
L 109.09102134 0.75488546 109.39582134 1.36448546 0 P 0
L 109.09102134 1.3016865 109.59902134 2.3176865 0 P 0
L 109.09102134 1.5048865 109.39582134 2.1144865 0 P 0
L 109.2504419 20.31500636 109.7584419 19.29900636 0 P 0
L 109.2504419 20.31500636 110.2664419 20.31500636 0 P 0
L 109.26017264 20.7256507 109.56497264 20.1160507 0 P 0
L 109.26017264 20.7256507 109.86977264 20.7256507 0 P 0
L 109.34942062 12.46132128 109.85742062 13.47732128 0 P 0
L 109.34942062 12.66452128 109.65422062 13.27412128 0 P 0
L 109.4536419 20.11180636 109.7584419 19.50220636 0 P 0
L 109.4536419 20.11180636 110.0632419 20.11180636 0 P 0
L 109.56497264 19.9128507 110.07297264 20.9288507 0 P 0
L 109.56497264 20.1160507 109.86977264 20.7256507 0 P 0
L 109.58730432 21.45918238 110.09530432 20.44318238 0 P 0
L 109.58730432 21.45918238 110.60330432 21.45918238 0 P 0
L 109.67835062 4.59141068 110.18635062 3.57541068 0 P 0
L 109.67835062 4.59141068 110.69435062 4.59141068 0 P 0
L 109.7584419 19.29900636 110.2664419 20.31500636 0 P 0
L 109.7584419 19.50220636 110.0632419 20.11180636 0 P 0
L 109.79050432 21.25598238 110.09530432 20.64638238 0 P 0
L 109.79050432 21.25598238 110.40010432 21.25598238 0 P 0
L 109.88155062 4.38821068 110.18635062 3.77861068 0 P 0
L 109.88155062 4.38821068 110.49115062 4.38821068 0 P 0
L 110.09530432 20.44318238 110.60330432 21.45918238 0 P 0
L 110.09530432 20.64638238 110.40010432 21.25598238 0 P 0
L 110.18635062 3.57541068 110.69435062 4.59141068 0 P 0
L 110.18635062 3.77861068 110.49115062 4.38821068 0 P 0
L 110.2024339 21.34255828 110.7104339 20.32655828 0 P 0
L 110.2024339 21.34255828 111.2184339 21.34255828 0 P 0
L 110.21742244 4.58351128 110.72542244 3.56751128 0 P 0
L 110.21742244 4.58351128 111.23342244 4.58351128 0 P 0
L 110.4056339 21.13935828 110.7104339 20.52975828 0 P 0
L 110.4056339 21.13935828 111.0152339 21.13935828 0 P 0
L 110.42062244 4.38031128 110.72542244 3.77071128 0 P 0
L 110.42062244 4.38031128 111.03022244 4.38031128 0 P 0
L 110.7104339 20.32655828 111.2184339 21.34255828 0 P 0
L 110.7104339 20.52975828 111.0152339 21.13935828 0 P 0
L 110.72542244 3.56751128 111.23342244 4.58351128 0 P 0
L 110.72542244 3.77071128 111.03022244 4.38031128 0 P 0
L 110.9495495 9.98612684 111.4575495 8.97012684 0 P 0
L 110.9495495 9.98612684 111.9655495 9.98612684 0 P 0
L 110.96742348 4.58351128 111.47542348 3.56751128 0 P 0
L 110.96742348 4.58351128 111.98342348 4.58351128 0 P 0
L 111.1527495 9.78292684 111.4575495 9.17332684 0 P 0
L 111.1527495 9.78292684 111.7623495 9.78292684 0 P 0
L 111.17062348 4.38031128 111.47542348 3.77071128 0 P 0
L 111.17062348 4.38031128 111.78022348 4.38031128 0 P 0
L 111.4575495 8.97012684 111.9655495 9.98612684 0 P 0
L 111.4575495 9.17332684 111.7623495 9.78292684 0 P 0
L 111.47542348 3.56751128 111.98342348 4.58351128 0 P 0
L 111.47542348 3.77071128 111.78022348 4.38031128 0 P 0
L 111.4935667 4.5848778 112.0015667 3.5688778 0 P 0
L 111.4935667 4.5848778 112.5095667 4.5848778 0 P 0
L 111.4950399 9.966833 112.0030399 8.950833 0 P 0
L 111.4950399 9.966833 112.5110399 9.966833 0 P 0
L 111.6967667 4.3816778 112.0015667 3.7720778 0 P 0
L 111.6967667 4.3816778 112.3063667 4.3816778 0 P 0
L 111.6982399 9.763633 112.0030399 9.154033 0 P 0
L 111.6982399 9.763633 112.3078399 9.763633 0 P 0
L 112.0015667 3.5688778 112.5095667 4.5848778 0 P 0
L 112.0015667 3.7720778 112.3063667 4.3816778 0 P 0
L 112.0030399 8.950833 112.5110399 9.966833 0 P 0
L 112.0030399 9.154033 112.3078399 9.763633 0 P 0
L 112.24504094 9.966833 112.75304094 8.950833 0 P 0
L 112.24504094 9.966833 113.26104094 9.966833 0 P 0
L 112.44824094 9.763633 112.75304094 9.154033 0 P 0
L 112.44824094 9.763633 113.05784094 9.763633 0 P 0
L 112.59241134 24.82559932 113.10041134 23.80959932 0 P 0
L 112.59241134 24.82559932 113.60841134 24.82559932 0 P 0
L 112.75304094 8.950833 113.26104094 9.966833 0 P 0
L 112.75304094 9.154033 113.05784094 9.763633 0 P 0
L 112.79561134 24.62239932 113.10041134 24.01279932 0 P 0
L 112.79561134 24.62239932 113.40521134 24.62239932 0 P 0
L 112.82201718 9.92615744 113.33001718 8.91015744 0 P 0
L 112.82201718 9.92615744 113.83801718 9.92615744 0 P 0
L 112.94481602 24.400256 113.45281602 23.384256 0 P 0
L 112.94481602 24.400256 113.96081602 24.400256 0 P 0
L 113.02521718 9.72295744 113.33001718 9.11335744 0 P 0
L 113.02521718 9.72295744 113.63481718 9.72295744 0 P 0
L 113.10041134 23.80959932 113.60841134 24.82559932 0 P 0
L 113.10041134 24.01279932 113.40521134 24.62239932 0 P 0
L 113.14801602 24.197056 113.45281602 23.587456 0 P 0
L 113.14801602 24.197056 113.75761602 24.197056 0 P 0
L 113.33001718 8.91015744 113.83801718 9.92615744 0 P 0
L 113.33001718 9.11335744 113.63481718 9.72295744 0 P 0
L 113.45281602 23.384256 113.96081602 24.400256 0 P 0
L 113.45281602 23.587456 113.75761602 24.197056 0 P 0
L 113.4751477 23.86992432 113.9831477 22.85392432 0 P 0
L 113.4751477 23.86992432 114.4911477 23.86992432 0 P 0
L 113.6783477 23.66672432 113.9831477 23.05712432 0 P 0
L 113.6783477 23.66672432 114.2879477 23.66672432 0 P 0
L 113.87709254 23.4429808 114.38509254 22.4269808 0 P 0
L 113.87709254 23.4429808 114.89309254 23.4429808 0 P 0
L 113.9831477 22.85392432 114.4911477 23.86992432 0 P 0
L 113.9831477 23.05712432 114.2879477 23.66672432 0 P 0
L 114.08029254 23.2397808 114.38509254 22.6301808 0 P 0
L 114.08029254 23.2397808 114.68989254 23.2397808 0 P 0
L 114.38509254 22.4269808 114.89309254 23.4429808 0 P 0
L 114.38509254 22.6301808 114.68989254 23.2397808 0 P 0
L 116.06049686 23.8393986 116.56849686 22.8233986 0 P 0
L 116.06049686 23.8393986 117.07649686 23.8393986 0 P 0
L 116.26369686 23.6361986 116.56849686 23.0265986 0 P 0
L 116.26369686 23.6361986 116.87329686 23.6361986 0 P 0
L 116.56849686 22.8233986 117.07649686 23.8393986 0 P 0
L 116.56849686 23.0265986 116.87329686 23.6361986 0 P 0
L 116.73587016 23.8447834 117.24387016 22.8287834 0 P 0
L 116.73587016 23.8447834 117.75187016 23.8447834 0 P 0
L 116.93907016 23.6415834 117.24387016 23.0319834 0 P 0
L 116.93907016 23.6415834 117.54867016 23.6415834 0 P 0
L 117.24387016 22.8287834 117.75187016 23.8447834 0 P 0
L 117.24387016 23.0319834 117.54867016 23.6415834 0 P 0
L 117.4858712 23.8447834 117.9938712 22.8287834 0 P 0
L 117.4858712 23.8447834 118.5018712 23.8447834 0 P 0
L 117.6890712 23.6415834 117.9938712 23.0319834 0 P 0
L 117.6890712 23.6415834 118.2986712 23.6415834 0 P 0
L 117.9938712 22.8287834 118.5018712 23.8447834 0 P 0
L 117.9938712 23.0319834 118.2986712 23.6415834 0 P 0
L 118.14199638 23.83145348 118.64999638 22.81545348 0 P 0
L 118.14199638 23.83145348 119.15799638 23.83145348 0 P 0
L 118.34519638 23.62825348 118.64999638 23.01865348 0 P 0
L 118.34519638 23.62825348 118.95479638 23.62825348 0 P 0
L 118.64999638 22.81545348 119.15799638 23.83145348 0 P 0
L 118.64999638 23.01865348 118.95479638 23.62825348 0 P 0
L 119.53933674 1.60365186 120.04733674 0.58765186 0 P 0
L 119.53933674 1.60365186 120.55533674 1.60365186 0 P 0
L 119.53933674 2.3536529 120.04733674 1.3376529 0 P 0
L 119.53933674 2.3536529 120.55533674 2.3536529 0 P 0
L 119.74253674 1.40045186 120.04733674 0.79085186 0 P 0
L 119.74253674 1.40045186 120.35213674 1.40045186 0 P 0
L 119.74253674 2.1504529 120.04733674 1.5408529 0 P 0
L 119.74253674 2.1504529 120.35213674 2.1504529 0 P 0
L 119.90027582 2.75877528 120.40827582 1.74277528 0 P 0
L 119.90027582 2.75877528 120.91627582 2.75877528 0 P 0
L 120.0152667 1.35598408 120.5232667 0.33998408 0 P 0
L 120.0152667 1.35598408 121.0312667 1.35598408 0 P 0
L 120.04733674 0.58765186 120.55533674 1.60365186 0 P 0
L 120.04733674 0.79085186 120.35213674 1.40045186 0 P 0
L 120.04733674 1.3376529 120.55533674 2.3536529 0 P 0
L 120.04733674 1.5408529 120.35213674 2.1504529 0 P 0
L 120.10347582 2.55557528 120.40827582 1.94597528 0 P 0
L 120.10347582 2.55557528 120.71307582 2.55557528 0 P 0
L 120.2184667 1.15278408 120.5232667 0.54318408 0 P 0
L 120.2184667 1.15278408 120.8280667 1.15278408 0 P 0
L 120.40827582 1.74277528 120.91627582 2.75877528 0 P 0
L 120.40827582 1.94597528 120.71307582 2.55557528 0 P 0
L 120.5232667 0.33998408 121.0312667 1.35598408 0 P 0
L 120.5232667 0.54318408 120.8280667 1.15278408 0 P 0
L 120.83164302 6.1392816 121.33964302 5.1232816 0 P 0
L 120.83164302 6.1392816 121.84764302 6.1392816 0 P 0
L 121.03484302 5.9360816 121.33964302 5.3264816 0 P 0
L 121.03484302 5.9360816 121.64444302 5.9360816 0 P 0
L 121.33964302 5.1232816 121.84764302 6.1392816 0 P 0
L 121.33964302 5.3264816 121.64444302 5.9360816 0 P 0
L 121.35462394 6.1218318 121.86262394 5.1058318 0 P 0
L 121.35462394 6.1218318 122.37062394 6.1218318 0 P 0
L 121.35543166 12.74101592 121.86343166 11.72501592 0 P 0
L 121.35543166 12.74101592 122.37143166 12.74101592 0 P 0
L 121.43795118 14.8570696 121.94595118 13.8410696 0 P 0
L 121.43795118 14.8570696 122.45395118 14.8570696 0 P 0
L 121.45298798 11.29280444 121.96098798 10.27680444 0 P 0
L 121.45298798 11.29280444 122.46898798 11.29280444 0 P 0
L 121.52049102 16.27526844 122.02849102 15.25926844 0 P 0
L 121.52049102 16.27526844 122.53649102 16.27526844 0 P 0
L 121.55782394 5.9186318 121.86262394 5.3090318 0 P 0
L 121.55782394 5.9186318 122.16742394 5.9186318 0 P 0
L 121.55863166 12.53781592 121.86343166 11.92821592 0 P 0
L 121.55863166 12.53781592 122.16823166 12.53781592 0 P 0
L 121.64115118 14.6538696 121.94595118 14.0442696 0 P 0
L 121.64115118 14.6538696 122.25075118 14.6538696 0 P 0
L 121.65618798 11.08960444 121.96098798 10.48000444 0 P 0
L 121.65618798 11.08960444 122.26578798 11.08960444 0 P 0
L 121.72369102 16.07206844 122.02849102 15.46246844 0 P 0
L 121.72369102 16.07206844 122.33329102 16.07206844 0 P 0
L 121.85335294 11.72955744 122.36135294 10.71355744 0 P 0
L 121.85335294 11.72955744 122.86935294 11.72955744 0 P 0
L 121.85335294 12.47955848 122.36135294 11.46355848 0 P 0
L 121.85335294 12.47955848 122.86935294 12.47955848 0 P 0
L 121.86262394 5.1058318 122.37062394 6.1218318 0 P 0
L 121.86262394 5.3090318 122.16742394 5.9186318 0 P 0
L 121.86343166 11.72501592 122.37143166 12.74101592 0 P 0
L 121.86343166 11.92821592 122.16823166 12.53781592 0 P 0
L 121.88850654 15.14034056 122.39650654 14.12434056 0 P 0
L 121.88850654 15.14034056 122.90450654 15.14034056 0 P 0
L 121.88850654 15.8903416 122.39650654 14.8743416 0 P 0
L 121.88850654 15.8903416 122.90450654 15.8903416 0 P 0
L 121.93336294 3.22511166 122.44136294 2.20911166 0 P 0
L 121.93336294 3.22511166 122.94936294 3.22511166 0 P 0
L 121.93336294 3.9751127 122.44136294 2.9591127 0 P 0
L 121.93336294 3.9751127 122.94936294 3.9751127 0 P 0
L 121.94595118 13.8410696 122.45395118 14.8570696 0 P 0
L 121.94595118 14.0442696 122.25075118 14.6538696 0 P 0
L 121.96098798 10.27680444 122.46898798 11.29280444 0 P 0
L 121.96098798 10.48000444 122.26578798 11.08960444 0 P 0
L 122.02849102 15.25926844 122.53649102 16.27526844 0 P 0
L 122.02849102 15.46246844 122.33329102 16.07206844 0 P 0
L 122.05655294 11.52635744 122.36135294 10.91675744 0 P 0
L 122.05655294 11.52635744 122.66615294 11.52635744 0 P 0
L 122.05655294 12.27635848 122.36135294 11.66675848 0 P 0
L 122.05655294 12.27635848 122.66615294 12.27635848 0 P 0
L 122.09170654 14.93714056 122.39650654 14.32754056 0 P 0
L 122.09170654 14.93714056 122.70130654 14.93714056 0 P 0
L 122.09170654 15.6871416 122.39650654 15.0775416 0 P 0
L 122.09170654 15.6871416 122.70130654 15.6871416 0 P 0
L 122.10462498 6.1218318 122.61262498 5.1058318 0 P 0
L 122.10462498 6.1218318 123.12062498 6.1218318 0 P 0
L 122.13656294 3.02191166 122.44136294 2.41231166 0 P 0
L 122.13656294 3.02191166 122.74616294 3.02191166 0 P 0
L 122.13656294 3.7719127 122.44136294 3.1623127 0 P 0
L 122.13656294 3.7719127 122.74616294 3.7719127 0 P 0
L 122.21144214 4.4720256 122.71944214 3.4560256 0 P 0
L 122.21144214 4.4720256 123.22744214 4.4720256 0 P 0
L 122.30782498 5.9186318 122.61262498 5.3090318 0 P 0
L 122.30782498 5.9186318 122.91742498 5.9186318 0 P 0
L 122.36135294 10.71355744 122.86935294 11.72955744 0 P 0
L 122.36135294 10.91675744 122.66615294 11.52635744 0 P 0
L 122.36135294 11.46355848 122.86935294 12.47955848 0 P 0
L 122.36135294 11.66675848 122.66615294 12.27635848 0 P 0
L 122.39650654 14.12434056 122.90450654 15.14034056 0 P 0
L 122.39650654 14.32754056 122.70130654 14.93714056 0 P 0
L 122.39650654 14.8743416 122.90450654 15.8903416 0 P 0
L 122.39650654 15.0775416 122.70130654 15.6871416 0 P 0
L 122.41464214 4.2688256 122.71944214 3.6592256 0 P 0
L 122.41464214 4.2688256 123.02424214 4.2688256 0 P 0
L 122.4184115 2.94275256 122.9264115 1.92675256 0 P 0
L 122.4184115 2.94275256 123.4344115 2.94275256 0 P 0
L 122.44136294 2.20911166 122.94936294 3.22511166 0 P 0
L 122.44136294 2.41231166 122.74616294 3.02191166 0 P 0
L 122.44136294 2.9591127 122.94936294 3.9751127 0 P 0
L 122.44136294 3.1623127 122.74616294 3.7719127 0 P 0
L 122.61262498 5.1058318 123.12062498 6.1218318 0 P 0
L 122.61262498 5.3090318 122.91742498 5.9186318 0 P 0
L 122.6216115 2.73955256 122.9264115 2.12995256 0 P 0
L 122.6216115 2.73955256 123.2312115 2.73955256 0 P 0
L 122.63688198 6.1047884 123.14488198 5.0887884 0 P 0
L 122.63688198 6.1047884 123.65288198 6.1047884 0 P 0
L 122.71944214 3.4560256 123.22744214 4.4720256 0 P 0
L 122.71944214 3.6592256 123.02424214 4.2688256 0 P 0
L 122.84008198 5.9015884 123.14488198 5.2919884 0 P 0
L 122.84008198 5.9015884 123.44968198 5.9015884 0 P 0
L 122.9264115 1.92675256 123.4344115 2.94275256 0 P 0
L 122.9264115 2.12995256 123.2312115 2.73955256 0 P 0
L 123.14488198 5.0887884 123.65288198 6.1047884 0 P 0
L 123.14488198 5.2919884 123.44968198 5.9015884 0 P 0
L 125.01989474 7.67267706 125.52789474 6.65667706 0 P 0
L 125.01989474 7.67267706 126.03589474 7.67267706 0 P 0
L 125.01989474 8.4226781 125.52789474 7.4066781 0 P 0
L 125.01989474 8.4226781 126.03589474 8.4226781 0 P 0
L 125.0397423 8.97416036 125.5477423 7.95816036 0 P 0
L 125.0397423 8.97416036 126.0557423 8.97416036 0 P 0
L 125.06975494 7.06822564 125.57775494 6.05222564 0 P 0
L 125.06975494 7.06822564 126.08575494 7.06822564 0 P 0
L 125.22309474 7.46947706 125.52789474 6.85987706 0 P 0
L 125.22309474 7.46947706 125.83269474 7.46947706 0 P 0
L 125.22309474 8.2194781 125.52789474 7.6098781 0 P 0
L 125.22309474 8.2194781 125.83269474 8.2194781 0 P 0
L 125.2429423 8.77096036 125.5477423 8.16136036 0 P 0
L 125.2429423 8.77096036 125.8525423 8.77096036 0 P 0
L 125.27295494 6.86502564 125.57775494 6.25542564 0 P 0
L 125.27295494 6.86502564 125.88255494 6.86502564 0 P 0
L 125.4522383 14.806422 125.9602383 13.790422 0 P 0
L 125.4522383 14.806422 126.4682383 14.806422 0 P 0
L 125.46954078 12.86825976 125.97754078 11.85225976 0 P 0
L 125.46954078 12.86825976 126.48554078 12.86825976 0 P 0
L 125.52145838 11.32811044 126.02945838 10.31211044 0 P 0
L 125.52145838 11.32811044 126.53745838 11.32811044 0 P 0
L 125.52789474 6.65667706 126.03589474 7.67267706 0 P 0
L 125.52789474 6.85987706 125.83269474 7.46947706 0 P 0
L 125.52789474 7.4066781 126.03589474 8.4226781 0 P 0
L 125.52789474 7.6098781 125.83269474 8.2194781 0 P 0
L 125.5477423 7.95816036 126.0557423 8.97416036 0 P 0
L 125.5477423 8.16136036 125.8525423 8.77096036 0 P 0
L 125.57775494 6.05222564 126.08575494 7.06822564 0 P 0
L 125.57775494 6.25542564 125.88255494 6.86502564 0 P 0
L 125.6554383 14.603222 125.9602383 13.993622 0 P 0
L 125.6554383 14.603222 126.2650383 14.603222 0 P 0
L 125.67274078 12.66505976 125.97754078 12.05545976 0 P 0
L 125.67274078 12.66505976 126.28234078 12.66505976 0 P 0
L 125.72465838 11.12491044 126.02945838 10.51531044 0 P 0
L 125.72465838 11.12491044 126.33425838 11.12491044 0 P 0
L 125.72997206 23.93099862 126.23797206 22.91499862 0 P 0
L 125.72997206 23.93099862 126.74597206 23.93099862 0 P 0
L 125.72997206 24.68099966 126.23797206 23.66499966 0 P 0
L 125.72997206 24.68099966 126.74597206 24.68099966 0 P 0
L 125.74500886 23.32299628 126.25300886 22.30699628 0 P 0
L 125.74500886 23.32299628 126.76100886 23.32299628 0 P 0
L 125.74500886 25.26148872 126.25300886 24.24548872 0 P 0
L 125.74500886 25.26148872 126.76100886 25.26148872 0 P 0
L 125.84519154 13.64034102 126.35319154 12.62434102 0 P 0
L 125.84519154 13.64034102 126.86119154 13.64034102 0 P 0
L 125.84519154 14.39034206 126.35319154 13.37434206 0 P 0
L 125.84519154 14.39034206 126.86119154 14.39034206 0 P 0
L 125.88489174 11.72955744 126.39289174 10.71355744 0 P 0
L 125.88489174 11.72955744 126.90089174 11.72955744 0 P 0
L 125.88489174 12.47955848 126.39289174 11.46355848 0 P 0
L 125.88489174 12.47955848 126.90089174 12.47955848 0 P 0
L 125.93317206 23.72779862 126.23797206 23.11819862 0 P 0
L 125.93317206 23.72779862 126.54277206 23.72779862 0 P 0
L 125.93317206 24.47779966 126.23797206 23.86819966 0 P 0
L 125.93317206 24.47779966 126.54277206 24.47779966 0 P 0
L 125.94820886 23.11979628 126.25300886 22.51019628 0 P 0
L 125.94820886 23.11979628 126.55780886 23.11979628 0 P 0
L 125.94820886 25.05828872 126.25300886 24.44868872 0 P 0
L 125.94820886 25.05828872 126.55780886 25.05828872 0 P 0
L 125.9602383 13.790422 126.4682383 14.806422 0 P 0
L 125.9602383 13.993622 126.2650383 14.603222 0 P 0
L 125.97754078 11.85225976 126.48554078 12.86825976 0 P 0
L 125.97754078 12.05545976 126.28234078 12.66505976 0 P 0
L 126.02945838 10.31211044 126.53745838 11.32811044 0 P 0
L 126.02945838 10.51531044 126.33425838 11.12491044 0 P 0
L 126.04839154 13.43714102 126.35319154 12.82754102 0 P 0
L 126.04839154 13.43714102 126.65799154 13.43714102 0 P 0
L 126.04839154 14.18714206 126.35319154 13.57754206 0 P 0
L 126.04839154 14.18714206 126.65799154 14.18714206 0 P 0
L 126.08809174 11.52635744 126.39289174 10.91675744 0 P 0
L 126.08809174 11.52635744 126.69769174 11.52635744 0 P 0
L 126.08809174 12.27635848 126.39289174 11.66675848 0 P 0
L 126.08809174 12.27635848 126.69769174 12.27635848 0 P 0
L 126.23797206 22.91499862 126.74597206 23.93099862 0 P 0
L 126.23797206 23.11819862 126.54277206 23.72779862 0 P 0
L 126.23797206 23.66499966 126.74597206 24.68099966 0 P 0
L 126.23797206 23.86819966 126.54277206 24.47779966 0 P 0
L 126.25300886 22.30699628 126.76100886 23.32299628 0 P 0
L 126.25300886 22.51019628 126.55780886 23.11979628 0 P 0
L 126.25300886 24.24548872 126.76100886 25.26148872 0 P 0
L 126.25300886 24.44868872 126.55780886 25.05828872 0 P 0
L 126.35319154 12.62434102 126.86119154 13.64034102 0 P 0
L 126.35319154 12.82754102 126.65799154 13.43714102 0 P 0
L 126.35319154 13.37434206 126.86119154 14.39034206 0 P 0
L 126.35319154 13.57754206 126.65799154 14.18714206 0 P 0
L 126.36940182 13.35280032 126.87740182 12.33680032 0 P 0
L 126.36940182 13.35280032 127.38540182 13.35280032 0 P 0
L 126.39289174 10.71355744 126.90089174 11.72955744 0 P 0
L 126.39289174 10.91675744 126.69769174 11.52635744 0 P 0
L 126.39289174 11.46355848 126.90089174 12.47955848 0 P 0
L 126.39289174 11.66675848 126.69769174 12.27635848 0 P 0
L 126.57260182 13.14960032 126.87740182 12.54000032 0 P 0
L 126.57260182 13.14960032 127.18220182 13.14960032 0 P 0
L 126.87740182 12.33680032 127.38540182 13.35280032 0 P 0
L 126.87740182 12.54000032 127.18220182 13.14960032 0 P 0
L 127.48699928 8.4009992 127.74099928 8.4009992 0 P 0
L 127.48699928 8.4009992 127.74099928 8.6549992 0 P 0
L 127.48699928 8.9089992 127.74099928 8.6549992 0 P 0
L 127.48699928 8.9089992 127.74099928 8.9089992 0 P 0
L 127.48699928 16.0910016 127.74099928 16.0910016 0 P 0
L 127.48699928 16.0910016 127.74099928 16.3450016 0 P 0
L 127.48699928 16.5990016 127.74099928 16.3450016 0 P 0
L 127.48699928 16.5990016 127.74099928 16.5990016 0 P 0
L 127.53258974 18.58430624 128.04058974 17.56830624 0 P 0
L 127.53258974 18.58430624 128.54858974 18.58430624 0 P 0
L 127.54277514 19.32469084 128.05077514 18.30869084 0 P 0
L 127.54277514 19.32469084 128.55877514 19.32469084 0 P 0
L 127.54277514 20.07469188 128.05077514 19.05869188 0 P 0
L 127.54277514 20.07469188 128.55877514 20.07469188 0 P 0
L 127.56601614 20.7462374 128.07401614 19.7302374 0 P 0
L 127.56601614 20.7462374 128.58201614 20.7462374 0 P 0
L 127.69019928 8.5025992 127.84259928 8.5025992 0 P 0
L 127.69019928 8.5025992 127.84259928 8.6549992 0 P 0
L 127.69019928 8.8073992 127.84259928 8.6549992 0 P 0
L 127.69019928 8.8073992 127.84259928 8.8073992 0 P 0
L 127.69019928 16.1926016 127.84259928 16.1926016 0 P 0
L 127.69019928 16.1926016 127.84259928 16.3450016 0 P 0
L 127.69019928 16.4974016 127.84259928 16.3450016 0 P 0
L 127.69019928 16.4974016 127.84259928 16.4974016 0 P 0
L 127.73578974 18.38110624 128.04058974 17.77150624 0 P 0
L 127.73578974 18.38110624 128.34538974 18.38110624 0 P 0
L 127.74099928 8.4009992 127.99499928 8.1469992 0 P 0
L 127.74099928 8.9089992 127.99499928 9.1629992 0 P 0
L 127.74099928 16.0910016 127.99499928 15.8370016 0 P 0
L 127.74099928 16.5990016 127.99499928 16.8530016 0 P 0
L 127.74597514 19.12149084 128.05077514 18.51189084 0 P 0
L 127.74597514 19.12149084 128.35557514 19.12149084 0 P 0
L 127.74597514 19.87149188 128.05077514 19.26189188 0 P 0
L 127.74597514 19.87149188 128.35557514 19.87149188 0 P 0
L 127.76921614 20.5430374 128.07401614 19.9334374 0 P 0
L 127.76921614 20.5430374 128.37881614 20.5430374 0 P 0
L 127.84259928 8.5025992 127.99499928 8.3501992 0 P 0
L 127.84259928 8.8073992 127.99499928 8.9597992 0 P 0
L 127.84259928 16.1926016 127.99499928 16.0402016 0 P 0
L 127.84259928 16.4974016 127.99499928 16.6498016 0 P 0
L 127.99499928 8.1469992 128.24899928 8.4009992 0 P 0
L 127.99499928 8.3501992 128.14739928 8.5025992 0 P 0
L 127.99499928 8.9597992 128.14739928 8.8073992 0 P 0
L 127.99499928 9.1629992 128.24899928 8.9089992 0 P 0
L 127.99499928 15.8370016 128.24899928 16.0910016 0 P 0
L 127.99499928 16.0402016 128.14739928 16.1926016 0 P 0
L 127.99499928 16.6498016 128.14739928 16.4974016 0 P 0
L 127.99499928 16.8530016 128.24899928 16.5990016 0 P 0
L 128.04058974 17.56830624 128.54858974 18.58430624 0 P 0
L 128.04058974 17.77150624 128.34538974 18.38110624 0 P 0
L 128.05077514 18.30869084 128.55877514 19.32469084 0 P 0
L 128.05077514 18.51189084 128.35557514 19.12149084 0 P 0
L 128.05077514 19.05869188 128.55877514 20.07469188 0 P 0
L 128.05077514 19.26189188 128.35557514 19.87149188 0 P 0
L 128.07401614 19.7302374 128.58201614 20.7462374 0 P 0
L 128.07401614 19.9334374 128.37881614 20.5430374 0 P 0
L 128.14739928 8.5025992 128.29979928 8.5025992 0 P 0
L 128.14739928 8.6549992 128.29979928 8.5025992 0 P 0
L 128.14739928 8.6549992 128.29979928 8.8073992 0 P 0
L 128.14739928 8.8073992 128.29979928 8.8073992 0 P 0
L 128.14739928 16.1926016 128.29979928 16.1926016 0 P 0
L 128.14739928 16.3450016 128.29979928 16.1926016 0 P 0
L 128.14739928 16.3450016 128.29979928 16.4974016 0 P 0
L 128.14739928 16.4974016 128.29979928 16.4974016 0 P 0
L 128.24899928 8.4009992 128.50299928 8.4009992 0 P 0
L 128.24899928 8.6549992 128.50299928 8.4009992 0 P 0
L 128.24899928 8.6549992 128.50299928 8.9089992 0 P 0
L 128.24899928 8.9089992 128.50299928 8.9089992 0 P 0
L 128.24899928 16.0910016 128.50299928 16.0910016 0 P 0
L 128.24899928 16.3450016 128.50299928 16.0910016 0 P 0
L 128.24899928 16.3450016 128.50299928 16.5990016 0 P 0
L 128.24899928 16.5990016 128.50299928 16.5990016 0 P 0
L 129.03699872 8.64599998 129.03699872 9.15399998 0 P 0
L 129.03699872 8.64599998 129.29099872 8.64599998 0 P 0
L 129.03699872 9.15399998 129.29099872 9.15399998 0 P 0
L 129.03699872 15.84600082 129.03699872 16.35400082 0 P 0
L 129.03699872 15.84600082 129.29099872 15.84600082 0 P 0
L 129.03699872 16.35400082 129.29099872 16.35400082 0 P 0
L 129.29099872 8.39199998 129.29099872 8.64599998 0 P 0
L 129.29099872 8.39199998 129.79899872 8.39199998 0 P 0
L 129.29099872 9.15399998 129.29099872 9.40799998 0 P 0
L 129.29099872 9.40799998 129.79899872 9.40799998 0 P 0
L 129.29099872 15.59200082 129.29099872 15.84600082 0 P 0
L 129.29099872 15.59200082 129.79899872 15.59200082 0 P 0
L 129.29099872 16.35400082 129.29099872 16.60800082 0 P 0
L 129.29099872 16.60800082 129.79899872 16.60800082 0 P 0
L 129.68699996 9.19200092 129.68699996 9.44600092 0 P 0
L 129.68699996 9.19200092 129.94099996 9.19200092 0 P 0
L 129.68699996 9.44600092 129.94099996 9.70000092 0 P 0
L 129.68699996 9.95400092 129.68699996 10.20800092 0 P 0
L 129.68699996 9.95400092 129.94099996 9.70000092 0 P 0
L 129.68699996 10.20800092 129.94099996 10.20800092 0 P 0
L 129.68699996 10.79200026 129.68699996 11.04600026 0 P 0
L 129.68699996 10.79200026 129.94099996 10.79200026 0 P 0
L 129.68699996 11.04600026 129.94099996 11.30000026 0 P 0
L 129.68699996 11.55400026 129.68699996 11.80800026 0 P 0
L 129.68699996 11.55400026 129.94099996 11.30000026 0 P 0
L 129.68699996 11.5920012 129.68699996 11.8460012 0 P 0
L 129.68699996 11.5920012 129.94099996 11.5920012 0 P 0
L 129.68699996 11.80800026 129.94099996 11.80800026 0 P 0
L 129.68699996 11.8460012 129.94099996 12.1000012 0 P 0
L 129.68699996 12.3540012 129.68699996 12.6080012 0 P 0
L 129.68699996 12.3540012 129.94099996 12.1000012 0 P 0
L 129.68699996 12.3919996 129.68699996 12.6459996 0 P 0
L 129.68699996 12.3919996 129.94099996 12.3919996 0 P 0
L 129.68699996 12.6080012 129.94099996 12.6080012 0 P 0
L 129.68699996 12.6459996 129.94099996 12.8999996 0 P 0
L 129.68699996 13.1539996 129.68699996 13.4079996 0 P 0
L 129.68699996 13.1539996 129.94099996 12.8999996 0 P 0
L 129.68699996 13.19200054 129.68699996 13.44600054 0 P 0
L 129.68699996 13.19200054 129.94099996 13.19200054 0 P 0
L 129.68699996 13.4079996 129.94099996 13.4079996 0 P 0
L 129.68699996 13.44600054 129.94099996 13.70000054 0 P 0
L 129.68699996 13.95400054 129.68699996 14.20800054 0 P 0
L 129.68699996 13.95400054 129.94099996 13.70000054 0 P 0
L 129.68699996 14.20800054 129.94099996 14.20800054 0 P 0
L 129.68699996 14.79199988 129.68699996 15.04599988 0 P 0
L 129.68699996 14.79199988 129.94099996 14.79199988 0 P 0
L 129.68699996 15.04599988 129.94099996 15.29999988 0 P 0
L 129.68699996 15.55399988 129.68699996 15.80799988 0 P 0
L 129.68699996 15.55399988 129.94099996 15.29999988 0 P 0
L 129.68699996 15.80799988 129.94099996 15.80799988 0 P 0
L 129.79899872 8.39199998 129.79899872 8.64599998 0 P 0
L 129.79899872 8.64599998 130.05299872 8.64599998 0 P 0
L 129.79899872 9.15399998 129.79899872 9.40799998 0 P 0
L 129.79899872 9.15399998 130.05299872 9.15399998 0 P 0
L 129.79899872 15.59200082 129.79899872 15.84600082 0 P 0
L 129.79899872 15.84600082 130.05299872 15.84600082 0 P 0
L 129.79899872 16.35400082 129.79899872 16.60800082 0 P 0
L 129.79899872 16.35400082 130.05299872 16.35400082 0 P 0
L 129.94099996 9.19200092 130.19499996 9.44600092 0 P 0
L 129.94099996 10.20800092 130.19499996 9.95400092 0 P 0
L 129.94099996 10.79200026 130.19499996 11.04600026 0 P 0
L 129.94099996 11.5920012 130.19499996 11.8460012 0 P 0
L 129.94099996 11.80800026 130.19499996 11.55400026 0 P 0
L 129.94099996 12.3919996 130.19499996 12.6459996 0 P 0
L 129.94099996 12.6080012 130.19499996 12.3540012 0 P 0
L 129.94099996 13.19200054 130.19499996 13.44600054 0 P 0
L 129.94099996 13.4079996 130.19499996 13.1539996 0 P 0
L 129.94099996 14.20800054 130.19499996 13.95400054 0 P 0
L 129.94099996 14.79199988 130.19499996 15.04599988 0 P 0
L 129.94099996 15.80799988 130.19499996 15.55399988 0 P 0
L 130.05299872 8.64599998 130.05299872 9.15399998 0 P 0
L 130.05299872 15.84600082 130.05299872 16.35400082 0 P 0
L 130.19499996 9.44600092 130.44899996 9.19200092 0 P 0
L 130.19499996 9.95400092 130.44899996 10.20800092 0 P 0
L 130.19499996 11.04600026 130.44899996 10.79200026 0 P 0
L 130.19499996 11.55400026 130.44899996 11.80800026 0 P 0
L 130.19499996 11.8460012 130.44899996 11.5920012 0 P 0
L 130.19499996 12.3540012 130.44899996 12.6080012 0 P 0
L 130.19499996 12.6459996 130.44899996 12.3919996 0 P 0
L 130.19499996 13.1539996 130.44899996 13.4079996 0 P 0
L 130.19499996 13.44600054 130.44899996 13.19200054 0 P 0
L 130.19499996 13.95400054 130.44899996 14.20800054 0 P 0
L 130.19499996 15.04599988 130.44899996 14.79199988 0 P 0
L 130.19499996 15.55399988 130.44899996 15.80799988 0 P 0
L 130.28699876 7.77200122 130.28699876 8.78800122 0 P 0
L 130.28699876 7.77200122 131.30299876 7.77200122 0 P 0
L 130.28699876 8.78800122 131.30299876 8.78800122 0 P 0
L 130.28699876 16.21199958 130.28699876 17.22799958 0 P 0
L 130.28699876 16.21199958 131.30299876 16.21199958 0 P 0
L 130.28699876 17.22799958 131.30299876 17.22799958 0 P 0
L 130.38699856 9.59200012 130.38699856 9.84600012 0 P 0
L 130.38699856 9.59200012 130.64099856 9.59200012 0 P 0
L 130.38699856 9.84600012 130.64099856 10.10000012 0 P 0
L 130.38699856 10.35400012 130.38699856 10.60800012 0 P 0
L 130.38699856 10.35400012 130.64099856 10.10000012 0 P 0
L 130.38699856 10.39200106 130.38699856 10.64600106 0 P 0
L 130.38699856 10.39200106 130.64099856 10.39200106 0 P 0
L 130.38699856 10.60800012 130.64099856 10.60800012 0 P 0
L 130.38699856 10.64600106 130.64099856 10.90000106 0 P 0
L 130.38699856 11.15400106 130.38699856 11.40800106 0 P 0
L 130.38699856 11.15400106 130.64099856 10.90000106 0 P 0
L 130.38699856 11.19199946 130.38699856 11.44599946 0 P 0
L 130.38699856 11.19199946 130.64099856 11.19199946 0 P 0
L 130.38699856 11.40800106 130.64099856 11.40800106 0 P 0
L 130.38699856 11.44599946 130.64099856 11.69999946 0 P 0
L 130.38699856 11.95399946 130.38699856 12.20799946 0 P 0
L 130.38699856 11.95399946 130.64099856 11.69999946 0 P 0
L 130.38699856 12.20799946 130.64099856 12.20799946 0 P 0
L 130.38699856 12.79200134 130.38699856 13.04600134 0 P 0
L 130.38699856 12.79200134 130.64099856 12.79200134 0 P 0
L 130.38699856 13.04600134 130.64099856 13.30000134 0 P 0
L 130.38699856 13.55400134 130.38699856 13.80800134 0 P 0
L 130.38699856 13.55400134 130.64099856 13.30000134 0 P 0
L 130.38699856 13.59199974 130.38699856 13.84599974 0 P 0
L 130.38699856 13.59199974 130.64099856 13.59199974 0 P 0
L 130.38699856 13.80800134 130.64099856 13.80800134 0 P 0
L 130.38699856 13.84599974 130.64099856 14.09999974 0 P 0
L 130.38699856 14.35399974 130.38699856 14.60799974 0 P 0
L 130.38699856 14.35399974 130.64099856 14.09999974 0 P 0
L 130.38699856 14.39200068 130.38699856 14.64600068 0 P 0
L 130.38699856 14.39200068 130.64099856 14.39200068 0 P 0
L 130.38699856 14.60799974 130.64099856 14.60799974 0 P 0
L 130.38699856 14.64600068 130.64099856 14.90000068 0 P 0
L 130.38699856 15.15400068 130.38699856 15.40800068 0 P 0
L 130.38699856 15.15400068 130.64099856 14.90000068 0 P 0
L 130.38699856 15.40800068 130.64099856 15.40800068 0 P 0
L 130.44899996 9.19200092 130.70299996 9.19200092 0 P 0
L 130.44899996 9.70000092 130.70299996 9.44600092 0 P 0
L 130.44899996 9.70000092 130.70299996 9.95400092 0 P 0
L 130.44899996 10.20800092 130.70299996 10.20800092 0 P 0
L 130.44899996 10.79200026 130.70299996 10.79200026 0 P 0
L 130.44899996 11.30000026 130.70299996 11.04600026 0 P 0
L 130.44899996 11.30000026 130.70299996 11.55400026 0 P 0
L 130.44899996 11.5920012 130.70299996 11.5920012 0 P 0
L 130.44899996 11.80800026 130.70299996 11.80800026 0 P 0
L 130.44899996 12.1000012 130.70299996 11.8460012 0 P 0
L 130.44899996 12.1000012 130.70299996 12.3540012 0 P 0
L 130.44899996 12.3919996 130.70299996 12.3919996 0 P 0
L 130.44899996 12.6080012 130.70299996 12.6080012 0 P 0
L 130.44899996 12.8999996 130.70299996 12.6459996 0 P 0
L 130.44899996 12.8999996 130.70299996 13.1539996 0 P 0
L 130.44899996 13.19200054 130.70299996 13.19200054 0 P 0
L 130.44899996 13.4079996 130.70299996 13.4079996 0 P 0
L 130.44899996 13.70000054 130.70299996 13.44600054 0 P 0
L 130.44899996 13.70000054 130.70299996 13.95400054 0 P 0
L 130.44899996 14.20800054 130.70299996 14.20800054 0 P 0
L 130.44899996 14.79199988 130.70299996 14.79199988 0 P 0
L 130.44899996 15.29999988 130.70299996 15.04599988 0 P 0
L 130.44899996 15.29999988 130.70299996 15.55399988 0 P 0
L 130.44899996 15.80799988 130.70299996 15.80799988 0 P 0
L 130.49019876 7.97520122 130.49019876 8.58480122 0 P 0
L 130.49019876 7.97520122 131.09979876 7.97520122 0 P 0
L 130.49019876 8.58480122 131.09979876 8.58480122 0 P 0
L 130.49019876 16.41519958 130.49019876 17.02479958 0 P 0
L 130.49019876 16.41519958 131.09979876 16.41519958 0 P 0
L 130.49019876 17.02479958 131.09979876 17.02479958 0 P 0
L 130.64099856 9.59200012 130.89499856 9.84600012 0 P 0
L 130.64099856 10.39200106 130.89499856 10.64600106 0 P 0
L 130.64099856 10.60800012 130.89499856 10.35400012 0 P 0
L 130.64099856 11.19199946 130.89499856 11.44599946 0 P 0
L 130.64099856 11.40800106 130.89499856 11.15400106 0 P 0
L 130.64099856 12.20799946 130.89499856 11.95399946 0 P 0
L 130.64099856 12.79200134 130.89499856 13.04600134 0 P 0
L 130.64099856 13.59199974 130.89499856 13.84599974 0 P 0
L 130.64099856 13.80800134 130.89499856 13.55400134 0 P 0
L 130.64099856 14.39200068 130.89499856 14.64600068 0 P 0
L 130.64099856 14.60799974 130.89499856 14.35399974 0 P 0
L 130.64099856 15.40800068 130.89499856 15.15400068 0 P 0
L 130.70299996 9.19200092 130.70299996 9.44600092 0 P 0
L 130.70299996 9.95400092 130.70299996 10.20800092 0 P 0
L 130.70299996 10.79200026 130.70299996 11.04600026 0 P 0
L 130.70299996 11.55400026 130.70299996 11.80800026 0 P 0
L 130.70299996 11.5920012 130.70299996 11.8460012 0 P 0
L 130.70299996 12.3540012 130.70299996 12.6080012 0 P 0
L 130.70299996 12.3919996 130.70299996 12.6459996 0 P 0
L 130.70299996 13.1539996 130.70299996 13.4079996 0 P 0
L 130.70299996 13.19200054 130.70299996 13.44600054 0 P 0
L 130.70299996 13.95400054 130.70299996 14.20800054 0 P 0
L 130.70299996 14.79199988 130.70299996 15.04599988 0 P 0
L 130.70299996 15.55399988 130.70299996 15.80799988 0 P 0
L 130.89499856 9.84600012 131.14899856 9.59200012 0 P 0
L 130.89499856 10.35400012 131.14899856 10.60800012 0 P 0
L 130.89499856 10.64600106 131.14899856 10.39200106 0 P 0
L 130.89499856 11.15400106 131.14899856 11.40800106 0 P 0
L 130.89499856 11.44599946 131.14899856 11.19199946 0 P 0
L 130.89499856 11.95399946 131.14899856 12.20799946 0 P 0
L 130.89499856 13.04600134 131.14899856 12.79200134 0 P 0
L 130.89499856 13.55400134 131.14899856 13.80800134 0 P 0
L 130.89499856 13.84599974 131.14899856 13.59199974 0 P 0
L 130.89499856 14.35399974 131.14899856 14.60799974 0 P 0
L 130.89499856 14.64600068 131.14899856 14.39200068 0 P 0
L 130.89499856 15.15400068 131.14899856 15.40800068 0 P 0
L 131.09979876 7.97520122 131.09979876 8.58480122 0 P 0
L 131.09979876 16.41519958 131.09979876 17.02479958 0 P 0
L 131.14899856 9.59200012 131.40299856 9.59200012 0 P 0
L 131.14899856 10.10000012 131.40299856 9.84600012 0 P 0
L 131.14899856 10.10000012 131.40299856 10.35400012 0 P 0
L 131.14899856 10.39200106 131.40299856 10.39200106 0 P 0
L 131.14899856 10.60800012 131.40299856 10.60800012 0 P 0
L 131.14899856 10.90000106 131.40299856 10.64600106 0 P 0
L 131.14899856 10.90000106 131.40299856 11.15400106 0 P 0
L 131.14899856 11.19199946 131.40299856 11.19199946 0 P 0
L 131.14899856 11.40800106 131.40299856 11.40800106 0 P 0
L 131.14899856 11.69999946 131.40299856 11.44599946 0 P 0
L 131.14899856 11.69999946 131.40299856 11.95399946 0 P 0
L 131.14899856 12.20799946 131.40299856 12.20799946 0 P 0
L 131.14899856 12.79200134 131.40299856 12.79200134 0 P 0
L 131.14899856 13.30000134 131.40299856 13.04600134 0 P 0
L 131.14899856 13.30000134 131.40299856 13.55400134 0 P 0
L 131.14899856 13.59199974 131.40299856 13.59199974 0 P 0
L 131.14899856 13.80800134 131.40299856 13.80800134 0 P 0
L 131.14899856 14.09999974 131.40299856 13.84599974 0 P 0
L 131.14899856 14.09999974 131.40299856 14.35399974 0 P 0
L 131.14899856 14.39200068 131.40299856 14.39200068 0 P 0
L 131.14899856 14.60799974 131.40299856 14.60799974 0 P 0
L 131.14899856 14.90000068 131.40299856 14.64600068 0 P 0
L 131.14899856 14.90000068 131.40299856 15.15400068 0 P 0
L 131.14899856 15.40800068 131.40299856 15.40800068 0 P 0
L 131.30299876 7.77200122 131.30299876 8.78800122 0 P 0
L 131.30299876 16.21199958 131.30299876 17.22799958 0 P 0
L 131.40299856 9.59200012 131.40299856 9.84600012 0 P 0
L 131.40299856 10.35400012 131.40299856 10.60800012 0 P 0
L 131.40299856 10.39200106 131.40299856 10.64600106 0 P 0
L 131.40299856 11.15400106 131.40299856 11.40800106 0 P 0
L 131.40299856 11.19199946 131.40299856 11.44599946 0 P 0
L 131.40299856 11.95399946 131.40299856 12.20799946 0 P 0
L 131.40299856 12.79200134 131.40299856 13.04600134 0 P 0
L 131.40299856 13.55400134 131.40299856 13.80800134 0 P 0
L 131.40299856 13.59199974 131.40299856 13.84599974 0 P 0
L 131.40299856 14.35399974 131.40299856 14.60799974 0 P 0
L 131.40299856 14.39200068 131.40299856 14.64600068 0 P 0
L 131.40299856 15.15400068 131.40299856 15.40800068 0 P 0
L 131.49200016 2.99999908 132.00000016 2.49199908 0 P 0
L 131.49200016 2.99999908 132.00000016 3.50799908 0 P 0
L 131.49200016 21.99999918 132.00000016 21.49199918 0 P 0
L 131.49200016 21.99999918 132.00000016 22.50799918 0 P 0
L 132.00000016 2.49199908 132.50800016 2.99999908 0 P 0
L 132.00000016 3.50799908 132.50800016 2.99999908 0 P 0
L 132.00000016 21.49199918 132.50800016 21.99999918 0 P 0
L 132.00000016 22.50799918 132.50800016 21.99999918 0 P 0
