UNITS=MM
#Layer_Color=32768
#
#Feature symbol names
#
$0 r49.9999
$1 r99.9998

#
#Feature attribute names
#

#
#Layer features
#
L -1.25000004 7.40499916 -1.25000004 17.59500164 0 P 0
L -1.25000004 7.40499916 7.16999836 7.40499916 0 P 0
L -1.25000004 17.59500164 7.16999836 17.59500164 0 P 0
L 7.16999836 7.40499916 7.16999836 17.59500164 0 P 0
L 7.73009122 1.99520302 7.73009122 5.49893998 1 P 0
L 7.73009122 1.99520302 10.78727586 1.99520302 1 P 0
L 7.73009122 5.49893998 10.78727586 5.49893998 1 P 0
L 10.78727586 1.99520302 10.78727586 5.49893998 1 P 0
L 11.0735237 9.22608518 11.0735237 20.9310859 0 P 0
L 11.0735237 9.22608518 12.52352334 9.22608518 0 P 0
L 11.0735237 20.9310859 22.27352162 20.9310859 0 P 0
L 12.52352334 3.83108454 12.52352334 9.22608518 0 P 0
L 12.52352334 3.83108454 20.82352198 3.83108454 0 P 0
L 20.82352198 3.83108454 20.82352198 9.22608518 0 P 0
L 20.82352198 9.22608518 22.27352162 9.22608518 0 P 0
L 22.27352162 9.22608518 22.27352162 20.9310859 0 P 0
L 25.8287647 11.1500031 25.8287647 13.15000418 0 P 0
L 25.8287647 11.1500031 27.32876678 11.1500031 0 P 0
L 25.8287647 13.15000418 27.32876678 13.15000418 0 P 0
L 27.32876678 11.1500031 27.32876678 13.15000418 0 P 0
L 28.0899997 7.03000118 28.0899997 10.52999926 0 P 0
L 28.0899997 7.03000118 29.1450014 7.03000118 0 P 0
L 28.0899997 10.52999926 29.1450014 10.52999926 0 P 0
L 29.1450014 -3.24999858 29.1450014 7.03000118 0 P 0
L 29.1450014 -3.24999858 43.99499964 -3.24999858 0 P 0
L 29.1450014 10.52999926 29.1450014 13.75000044 0 P 0
L 29.1450014 13.75000044 43.99499964 13.75000044 0 P 0
L 33.02192024 14.70405238 33.02192024 15.47052278 0 P 0
L 33.02192024 14.70405238 33.42011096 14.70405238 0 P 0
L 33.02192024 15.47052278 33.42011096 15.47052278 0 P 0
L 33.42011096 14.70405238 33.42011096 15.47052278 0 P 0
L 33.72192138 14.70405238 33.72192138 15.47052278 0 P 0
L 33.72192138 14.70405238 34.1201121 14.70405238 0 P 0
L 33.72192138 15.47052278 34.1201121 15.47052278 0 P 0
L 34.1201121 14.70405238 34.1201121 15.47052278 0 P 0
L 35.06999844 16.46561604 35.06999844 18.36561732 0 P 0
L 35.06999844 16.46561604 38.06999752 16.46561604 0 P 0
L 35.06999844 18.36561732 38.06999752 18.36561732 0 P 0
L 38.06999752 16.46561604 38.06999752 18.36561732 0 P 0
L 43.99499964 -3.24999858 43.99499964 7.03000118 0 P 0
L 43.99499964 7.03000118 45.05000134 7.03000118 0 P 0
L 43.99499964 10.52999926 43.99499964 13.75000044 0 P 0
L 43.99499964 10.52999926 45.05000134 10.52999926 0 P 0
L 45.05000134 7.03000118 45.05000134 10.52999926 0 P 0
L 45.84309094 11.1500031 45.84309094 13.15000418 0 P 0
L 45.84309094 11.1500031 47.34309302 11.1500031 0 P 0
L 45.84309094 13.15000418 47.34309302 13.15000418 0 P 0
L 47.34309302 11.1500031 47.34309302 13.15000418 0 P 0
L 48.09000034 7.03000118 48.09000034 10.52999926 0 P 0
L 48.09000034 7.03000118 49.14500204 7.03000118 0 P 0
L 48.09000034 10.52999926 49.14500204 10.52999926 0 P 0
L 49.14500204 -3.24999858 49.14500204 7.03000118 0 P 0
L 49.14500204 -3.24999858 63.99500028 -3.24999858 0 P 0
L 49.14500204 10.52999926 49.14500204 13.75000044 0 P 0
L 49.14500204 13.75000044 63.99500028 13.75000044 0 P 0
L 53.02192088 14.7000468 53.02192088 15.4665172 0 P 0
L 53.02192088 14.7000468 53.4201116 14.7000468 0 P 0
L 53.02192088 15.4665172 53.4201116 15.4665172 0 P 0
L 53.4201116 14.7000468 53.4201116 15.4665172 0 P 0
L 53.72191948 14.7000468 53.72191948 15.4665172 0 P 0
L 53.72191948 14.7000468 54.1201102 14.7000468 0 P 0
L 53.72191948 15.4665172 54.1201102 15.4665172 0 P 0
L 54.1201102 14.7000468 54.1201102 15.4665172 0 P 0
L 55.06999908 16.46561604 55.06999908 18.36561732 0 P 0
L 55.06999908 16.46561604 58.06999816 16.46561604 0 P 0
L 55.06999908 18.36561732 58.06999816 18.36561732 0 P 0
L 58.06999816 16.46561604 58.06999816 18.36561732 0 P 0
L 63.99500028 -3.24999858 63.99500028 7.03000118 0 P 0
L 63.99500028 7.03000118 65.05000198 7.03000118 0 P 0
L 63.99500028 10.52999926 63.99500028 13.75000044 0 P 0
L 63.99500028 10.52999926 65.05000198 10.52999926 0 P 0
L 65.05000198 7.03000118 65.05000198 10.52999926 0 P 0
L 65.89305846 10.44999942 65.89305846 12.4500005 0 P 0
L 65.89305846 10.44999942 67.39306054 10.44999942 0 P 0
L 65.89305846 12.4500005 67.39306054 12.4500005 0 P 0
L 67.39306054 10.44999942 67.39306054 12.4500005 0 P 0
L 68.08999844 7.03000118 68.08999844 10.52999926 0 P 0
L 68.08999844 7.03000118 69.14500014 7.03000118 0 P 0
L 68.08999844 10.52999926 69.14500014 10.52999926 0 P 0
L 69.14500014 -3.24999858 69.14500014 7.03000118 0 P 0
L 69.14500014 -3.24999858 83.99499838 -3.24999858 0 P 0
L 69.14500014 10.52999926 69.14500014 13.75000044 0 P 0
L 69.14500014 13.75000044 83.99499838 13.75000044 0 P 0
L 73.03309752 13.93320048 73.03309752 14.69967088 0 P 0
L 73.03309752 13.93320048 73.43128824 13.93320048 0 P 0
L 73.03309752 14.69967088 73.43128824 14.69967088 0 P 0
L 73.43128824 13.93320048 73.43128824 14.69967088 0 P 0
L 73.73309612 13.93320048 73.73309612 14.69967088 0 P 0
L 73.73309612 13.93320048 74.13128684 13.93320048 0 P 0
L 73.73309612 14.69967088 74.13128684 14.69967088 0 P 0
L 74.13128684 13.93320048 74.13128684 14.69967088 0 P 0
L 75.06999972 15.16210328 75.06999972 17.06210456 0 P 0
L 75.06999972 15.16210328 78.0699988 15.16210328 0 P 0
L 75.06999972 17.06210456 78.0699988 17.06210456 0 P 0
L 78.0699988 15.16210328 78.0699988 17.06210456 0 P 0
L 83.99499838 -3.24999858 83.99499838 7.03000118 0 P 0
L 83.99499838 7.03000118 85.05000008 7.03000118 0 P 0
L 83.99499838 10.52999926 83.99499838 13.75000044 0 P 0
L 83.99499838 10.52999926 85.05000008 10.52999926 0 P 0
L 85.05000008 7.03000118 85.05000008 10.52999926 0 P 0
L 85.80689214 10.37993606 85.80689214 12.37993714 0 P 0
L 85.80689214 10.37993606 87.30689422 10.37993606 0 P 0
L 85.80689214 12.37993714 87.30689422 12.37993714 0 P 0
L 87.30689422 10.37993606 87.30689422 12.37993714 0 P 0
L 88.08999908 7.03000118 88.08999908 10.52999926 0 P 0
L 88.08999908 7.03000118 89.14500078 7.03000118 0 P 0
L 88.08999908 10.52999926 89.14500078 10.52999926 0 P 0
L 89.14500078 -3.24999858 89.14500078 7.03000118 0 P 0
L 89.14500078 -3.24999858 103.99499902 -3.24999858 0 P 0
L 89.14500078 10.52999926 89.14500078 13.75000044 0 P 0
L 89.14500078 13.75000044 103.99499902 13.75000044 0 P 0
L 93.04652714 13.9331954 93.04652714 14.6996658 0 P 0
L 93.04652714 13.9331954 93.44471786 13.9331954 0 P 0
L 93.04652714 14.6996658 93.44471786 14.6996658 0 P 0
L 93.44471786 13.9331954 93.44471786 14.6996658 0 P 0
L 93.74652828 13.9331954 93.74652828 14.6996658 0 P 0
L 93.74652828 13.9331954 94.144719 13.9331954 0 P 0
L 93.74652828 14.6996658 94.144719 14.6996658 0 P 0
L 94.144719 13.9331954 94.144719 14.6996658 0 P 0
L 95.07000036 15.16210328 95.07000036 17.06210456 0 P 0
L 95.07000036 15.16210328 98.06999944 15.16210328 0 P 0
L 95.07000036 17.06210456 98.06999944 17.06210456 0 P 0
L 98.06999944 15.16210328 98.06999944 17.06210456 0 P 0
L 103.99499902 -3.24999858 103.99499902 7.03000118 0 P 0
L 103.99499902 7.03000118 105.05000072 7.03000118 0 P 0
L 103.99499902 10.52999926 103.99499902 13.75000044 0 P 0
L 103.99499902 10.52999926 105.05000072 10.52999926 0 P 0
L 105.05000072 7.03000118 105.05000072 10.52999926 0 P 0
L 107.50309208 16.1079815 114.7509389 8.86013468 0 P 0
L 107.50309208 16.1079815 114.7509389 23.35582832 0 P 0
L 114.18043966 3.8368986 114.18043966 4.23508932 0 P 0
L 114.18043966 3.8368986 114.94691006 3.8368986 0 P 0
L 114.18043966 4.23508932 114.94691006 4.23508932 0 P 0
L 114.18467638 4.32637692 114.18467638 4.72456764 0 P 0
L 114.18467638 4.32637692 114.95114678 4.32637692 0 P 0
L 114.18467638 4.72456764 114.95114678 4.72456764 0 P 0
L 114.7509389 8.86013468 121.99878572 16.1079815 0 P 0
L 114.7509389 23.35582832 121.99878572 16.1079815 0 P 0
L 114.94691006 3.8368986 114.94691006 4.23508932 0 P 0
L 114.95114678 4.32637692 114.95114678 4.72456764 0 P 0
L 115.11854294 1.22838718 115.11854294 8.12838862 1 P 0
L 115.11854294 1.22838718 120.0185433 1.22838718 1 P 0
L 115.11854294 8.12838862 120.0185433 8.12838862 1 P 0
L 120.0185433 1.22838718 120.0185433 8.12838862 1 P 0
L 121.15146966 20.93382656 121.15146966 22.43382864 0 P 0
L 121.15146966 20.93382656 123.15147074 20.93382656 0 P 0
L 121.15146966 22.43382864 123.15147074 22.43382864 0 P 0
L 122.77640926 13.57743284 122.77640926 13.97562356 0 P 0
L 122.77640926 13.57743284 123.54287966 13.57743284 0 P 0
L 122.77640926 13.97562356 123.54287966 13.97562356 0 P 0
L 122.78079838 13.05975544 122.78079838 13.45794616 0 P 0
L 122.78079838 13.05975544 123.54726878 13.05975544 0 P 0
L 122.78079838 13.45794616 123.54726878 13.45794616 0 P 0
L 122.8015578 10.15836424 122.8015578 10.55655496 0 P 0
L 122.8015578 10.15836424 123.5680282 10.15836424 0 P 0
L 122.8015578 10.55655496 123.5680282 10.55655496 0 P 0
L 122.80233758 9.63410824 122.80233758 10.03229896 0 P 0
L 122.80233758 9.63410824 123.56880798 9.63410824 0 P 0
L 122.80233758 10.03229896 123.56880798 10.03229896 0 P 0
L 123.15147074 20.93382656 123.15147074 22.43382864 0 P 0
L 123.54287966 13.57743284 123.54287966 13.97562356 0 P 0
L 123.54726878 13.05975544 123.54726878 13.45794616 0 P 0
L 123.5680282 10.15836424 123.5680282 10.55655496 0 P 0
L 123.56880798 9.63410824 123.56880798 10.03229896 0 P 0
L 123.65115224 9.34655738 123.65115224 12.34655646 0 P 0
L 123.65115224 9.34655738 125.55115352 9.34655738 0 P 0
L 123.65115224 12.34655646 125.55115352 12.34655646 0 P 0
L 123.65115478 12.7573405 123.65115478 15.75733958 0 P 0
L 123.65115478 12.7573405 125.55115606 12.7573405 0 P 0
L 123.65115478 15.75733958 125.55115606 15.75733958 0 P 0
L 125.55115352 9.34655738 125.55115352 12.34655646 0 P 0
L 125.55115606 12.7573405 125.55115606 15.75733958 0 P 0
L 127.31999936 7.25000074 127.31999936 17.75000006 0 P 0
L 127.31999936 7.25000074 137.24999982 7.25000074 0 P 0
L 127.31999936 17.75000006 137.24999982 17.75000006 0 P 0
L 137.24999982 7.25000074 137.24999982 17.75000006 0 P 0
