UNITS=MM
#Layer_Color=9474304
#
#Feature symbol names
#
$0 r127

#
#Feature attribute names
#

#
#Layer features
#
L 1.29999994 8.18000142 1.89999874 8.18000142 0 P 0
L 1.29999994 16.81999938 1.89999874 16.81999938 0 P 0
L 1.59999934 7.88000202 1.59999934 8.48000082 0 P 0
L 1.59999934 16.51999998 1.59999934 17.11999878 0 P 0
L 1.79999894 2.99999908 4.19999922 2.99999908 0 P 0
L 1.79999894 21.99999918 4.19999922 21.99999918 0 P 0
L 2.99999908 1.79999894 2.99999908 4.19999922 0 P 0
L 2.99999908 20.79999904 2.99999908 23.19999932 0 P 0
L 4.95499898 9.6100011 5.60500022 9.6100011 0 P 0
L 4.95499898 15.3899997 5.60500022 15.3899997 0 P 0
L 5.2799996 9.28500048 5.2799996 9.93500172 0 P 0
L 5.2799996 15.06499908 5.2799996 15.71500032 0 P 0
L 5.4799992 8.18000142 6.079998 8.18000142 0 P 0
L 5.4799992 16.81999938 6.079998 16.81999938 0 P 0
L 5.7799986 7.88000202 5.7799986 8.48000082 0 P 0
L 5.7799986 16.51999998 5.7799986 17.11999878 0 P 0
L 24.77450468 16.28826308 25.07450408 16.28826308 0 P 0
L 24.77850264 14.8277961 25.07850204 14.8277961 0 P 0
L 24.77850264 15.57779714 25.07850204 15.57779714 0 P 0
L 24.79856864 14.19470872 25.09856804 14.19470872 0 P 0
L 24.92450438 16.13826338 24.92450438 16.43826278 0 P 0
L 24.92850234 14.6777964 24.92850234 14.9777958 0 P 0
L 24.92850234 15.42779744 24.92850234 15.72779684 0 P 0
L 24.94856834 14.04470902 24.94856834 14.34470842 0 P 0
L 28.85000072 8.78000022 31.1500012 8.78000022 0 P 0
L 30.00000096 7.62999998 30.00000096 9.93000046 0 P 0
L 32.2200016 12.28000084 32.9200002 12.28000084 0 P 0
L 32.5700009 11.93000154 32.5700009 12.63000014 0 P 0
L 32.7200006 10.7800013 33.4199992 10.7800013 0 P 0
L 33.0699999 10.430002 33.0699999 11.1300006 0 P 0
L 34.22000014 12.28000084 34.91999874 12.28000084 0 P 0
L 34.56999944 11.93000154 34.56999944 12.63000014 0 P 0
L 35.22000068 10.7800013 35.91999928 10.7800013 0 P 0
L 35.56999998 10.430002 35.56999998 11.1300006 0 P 0
L 36.22000122 12.28000084 36.91999982 12.28000084 0 P 0
L 36.57000052 11.93000154 36.57000052 12.63000014 0 P 0
L 37.22000176 10.7800013 37.92000036 10.7800013 0 P 0
L 37.57000106 10.430002 37.57000106 11.1300006 0 P 0
L 38.2200023 12.28000084 38.9200009 12.28000084 0 P 0
L 38.5700016 11.93000154 38.5700016 12.63000014 0 P 0
L 39.72000184 10.7800013 40.42000044 10.7800013 0 P 0
L 40.07000114 10.430002 40.07000114 11.1300006 0 P 0
L 40.22000084 12.28000084 40.91999944 12.28000084 0 P 0
L 40.57000014 11.93000154 40.57000014 12.63000014 0 P 0
L 41.98999984 8.78000022 44.29000032 8.78000022 0 P 0
L 43.14000008 7.62999998 43.14000008 9.93000046 0 P 0
L 45.4332594 16.79360116 45.7332588 16.79360116 0 P 0
L 45.5832591 16.64360146 45.5832591 16.94360086 0 P 0
L 46.06809176 16.7931338 46.36809116 16.7931338 0 P 0
L 46.21809146 16.6431341 46.21809146 16.9431335 0 P 0
L 46.8180928 16.7931338 47.1180922 16.7931338 0 P 0
L 46.9680925 16.6431341 46.9680925 16.9431335 0 P 0
L 47.44258228 16.78156664 47.74258168 16.78156664 0 P 0
L 47.59258198 16.63156694 47.59258198 16.93156634 0 P 0
L 48.85000136 8.78000022 51.15000184 8.78000022 0 P 0
L 50.0000016 7.62999998 50.0000016 9.93000046 0 P 0
L 52.22000224 12.28000084 52.92000084 12.28000084 0 P 0
L 52.57000154 11.93000154 52.57000154 12.63000014 0 P 0
L 52.72000124 10.7800013 53.41999984 10.7800013 0 P 0
L 53.07000054 10.430002 53.07000054 11.1300006 0 P 0
L 54.22000078 12.28000084 54.91999938 12.28000084 0 P 0
L 54.57000008 11.93000154 54.57000008 12.63000014 0 P 0
L 55.22000132 10.7800013 55.91999992 10.7800013 0 P 0
L 55.57000062 10.430002 55.57000062 11.1300006 0 P 0
L 56.22000186 12.28000084 56.92000046 12.28000084 0 P 0
L 56.57000116 11.93000154 56.57000116 12.63000014 0 P 0
L 57.2200024 10.7800013 57.920001 10.7800013 0 P 0
L 57.5700017 10.430002 57.5700017 11.1300006 0 P 0
L 58.22000294 12.28000084 58.92000154 12.28000084 0 P 0
L 58.57000224 11.93000154 58.57000224 12.63000014 0 P 0
L 59.72000248 10.7800013 60.42000108 10.7800013 0 P 0
L 60.07000178 10.430002 60.07000178 11.1300006 0 P 0
L 60.22000148 12.28000084 60.92000008 12.28000084 0 P 0
L 60.57000078 11.93000154 60.57000078 12.63000014 0 P 0
L 61.99000048 8.78000022 64.29000096 8.78000022 0 P 0
L 63.14000072 7.62999998 63.14000072 9.93000046 0 P 0
L 64.4525762 16.12277192 64.7525756 16.12277192 0 P 0
L 64.48876104 14.6764883 64.78876044 14.6764883 0 P 0
L 64.48876104 15.42648934 64.78876044 15.42648934 0 P 0
L 64.50432108 14.03579108 64.80432048 14.03579108 0 P 0
L 64.6025759 15.97277222 64.6025759 16.27277162 0 P 0
L 64.63876074 14.5264886 64.63876074 14.826488 0 P 0
L 64.63876074 15.27648964 64.63876074 15.57648904 0 P 0
L 64.65432078 13.88579138 64.65432078 14.18579078 0 P 0
L 68.84999946 8.78000022 71.14999994 8.78000022 0 P 0
L 69.9999997 7.62999998 69.9999997 9.93000046 0 P 0
L 72.00945212 17.80842768 72.30945152 17.80842768 0 P 0
L 72.15945182 17.65842798 72.15945182 17.95842738 0 P 0
L 72.22000034 12.28000084 72.91999894 12.28000084 0 P 0
L 72.56999964 11.93000154 72.56999964 12.63000014 0 P 0
L 72.59210526 17.799812 72.89210466 17.799812 0 P 0
L 72.71999934 10.7800013 73.41999794 10.7800013 0 P 0
L 72.74210496 17.6498123 72.74210496 17.9498117 0 P 0
L 73.06999864 10.430002 73.06999864 11.1300006 0 P 0
L 73.3421063 17.799812 73.6421057 17.799812 0 P 0
L 73.492106 17.6498123 73.492106 17.9498117 0 P 0
L 73.7933246 18.15923216 74.093324 18.15923216 0 P 0
L 73.9433243 18.00923246 73.9433243 18.30923186 0 P 0
L 74.21999888 12.28000084 74.91999748 12.28000084 0 P 0
L 74.56999818 11.93000154 74.56999818 12.63000014 0 P 0
L 75.21999942 10.7800013 75.91999802 10.7800013 0 P 0
L 75.56999872 10.430002 75.56999872 11.1300006 0 P 0
L 76.21999996 12.28000084 76.91999856 12.28000084 0 P 0
L 76.22655316 17.5546512 76.52655256 17.5546512 0 P 0
L 76.37655286 17.4046515 76.37655286 17.7046509 0 P 0
L 76.56999926 11.93000154 76.56999926 12.63000014 0 P 0
L 76.79500008 17.52981 77.09499948 17.52981 0 P 0
L 76.94499978 17.3798103 76.94499978 17.6798097 0 P 0
L 77.2200005 10.7800013 77.9199991 10.7800013 0 P 0
L 77.54500112 17.52981 77.84500052 17.52981 0 P 0
L 77.5699998 10.430002 77.5699998 11.1300006 0 P 0
L 77.69500082 17.3798103 77.69500082 17.6798097 0 P 0
L 78.15223892 17.48747836 78.45223832 17.48747836 0 P 0
L 78.22000104 12.28000084 78.91999964 12.28000084 0 P 0
L 78.30223862 17.33747866 78.30223862 17.63747806 0 P 0
L 78.57000034 11.93000154 78.57000034 12.63000014 0 P 0
L 79.72000058 10.7800013 80.41999918 10.7800013 0 P 0
L 80.06999988 10.430002 80.06999988 11.1300006 0 P 0
L 80.21999958 12.28000084 80.91999818 12.28000084 0 P 0
L 80.56999888 11.93000154 80.56999888 12.63000014 0 P 0
L 81.98999858 8.78000022 84.28999906 8.78000022 0 P 0
L 83.13999882 7.62999998 83.13999882 9.93000046 0 P 0
L 84.22350948 16.27815896 84.52350888 16.27815896 0 P 0
L 84.25199304 14.8383879 84.55199244 14.8383879 0 P 0
L 84.25199304 15.58838894 84.55199244 15.58838894 0 P 0
L 84.2786986 14.18106892 84.578698 14.18106892 0 P 0
L 84.37350918 16.12815926 84.37350918 16.42815866 0 P 0
L 84.40199274 14.6883882 84.40199274 14.9883876 0 P 0
L 84.40199274 15.43838924 84.40199274 15.73838864 0 P 0
L 84.4286983 14.03106922 84.4286983 14.33106862 0 P 0
L 88.8500001 8.78000022 91.15000058 8.78000022 0 P 0
L 90.00000034 7.62999998 90.00000034 9.93000046 0 P 0
L 92.22000098 12.28000084 92.91999958 12.28000084 0 P 0
L 92.57000028 11.93000154 92.57000028 12.63000014 0 P 0
L 92.71999998 10.7800013 93.41999858 10.7800013 0 P 0
L 93.06999928 10.430002 93.06999928 11.1300006 0 P 0
L 94.21999952 12.28000084 94.91999812 12.28000084 0 P 0
L 94.56999882 11.93000154 94.56999882 12.63000014 0 P 0
L 95.22000006 10.7800013 95.91999866 10.7800013 0 P 0
L 95.56999936 10.430002 95.56999936 11.1300006 0 P 0
L 96.2200006 12.28000084 96.9199992 12.28000084 0 P 0
L 96.5699999 11.93000154 96.5699999 12.63000014 0 P 0
L 97.22000114 10.7800013 97.91999974 10.7800013 0 P 0
L 97.57000044 10.430002 97.57000044 11.1300006 0 P 0
L 98.22000168 12.28000084 98.92000028 12.28000084 0 P 0
L 98.57000098 11.93000154 98.57000098 12.63000014 0 P 0
L 99.72000122 10.7800013 100.41999982 10.7800013 0 P 0
L 100.07000052 10.430002 100.07000052 11.1300006 0 P 0
L 100.22000022 12.28000084 100.91999882 12.28000084 0 P 0
L 100.56999952 11.93000154 100.56999952 12.63000014 0 P 0
L 101.98999922 8.78000022 104.2899997 8.78000022 0 P 0
L 103.01177264 15.31019036 103.31177204 15.31019036 0 P 0
L 103.01177264 16.0601914 103.31177204 16.0601914 0 P 0
L 103.01656308 14.73257404 103.31656248 14.73257404 0 P 0
L 103.03021812 16.66432024 103.33021752 16.66432024 0 P 0
L 103.13999946 7.62999998 103.13999946 9.93000046 0 P 0
L 103.16177234 15.16019066 103.16177234 15.46019006 0 P 0
L 103.16177234 15.9101917 103.16177234 16.2101911 0 P 0
L 103.16656278 14.58257434 103.16656278 14.88257374 0 P 0
L 103.18021782 16.51432054 103.18021782 16.81431994 0 P 0
L 106.67447804 17.8209702 106.97447744 17.8209702 0 P 0
L 106.82447774 17.6709705 106.82447774 17.9709699 0 P 0
L 106.98816296 17.34674458 107.28816236 17.34674458 0 P 0
L 107.13816266 17.19674488 107.13816266 17.49674428 0 P 0
L 107.49106772 8.32221856 107.79106712 8.32221856 0 P 0
L 107.64106742 8.17221886 107.64106742 8.47221826 0 P 0
L 107.74407204 13.85570508 108.04407144 13.85570508 0 P 0
L 107.7762513 8.8947752 108.0762507 8.8947752 0 P 0
L 107.81135156 17.80861056 108.11135096 17.80861056 0 P 0
L 107.89407174 13.70570538 107.89407174 14.00570478 0 P 0
L 107.926251 8.7447755 107.926251 9.0447749 0 P 0
L 107.93329442 17.21748398 108.23329382 17.21748398 0 P 0
L 107.96135126 17.65861086 107.96135126 17.95861026 0 P 0
L 108.08329412 17.06748428 108.08329412 17.36748368 0 P 0
L 108.13591276 12.88358104 108.43591216 12.88358104 0 P 0
L 108.19451056 12.33450162 108.49450996 12.33450162 0 P 0
L 108.28591246 12.73358134 108.28591246 13.03358074 0 P 0
L 108.33426644 11.59764 108.63426584 11.59764 0 P 0
L 108.33673024 13.938377 108.63672964 13.938377 0 P 0
L 108.34451026 12.18450192 108.34451026 12.48450132 0 P 0
L 108.44469548 11.04523572 108.74469488 11.04523572 0 P 0
L 108.46271932 0.818642 108.76271872 0.818642 0 P 0
L 108.48426614 11.4476403 108.48426614 11.7476397 0 P 0
L 108.48672994 13.7883773 108.48672994 14.0883767 0 P 0
L 108.52625234 8.8947752 108.82625174 8.8947752 0 P 0
L 108.59469518 10.89523602 108.59469518 11.19523542 0 P 0
L 108.61271902 0.6686423 108.61271902 0.9686417 0 P 0
L 108.61289428 2.24207324 108.91289368 2.24207324 0 P 0
L 108.67625204 8.7447755 108.67625204 9.0447749 0 P 0
L 108.76289398 2.09207354 108.76289398 2.39207294 0 P 0
L 108.816267 8.29539108 109.1162664 8.29539108 0 P 0
L 108.85989658 13.40098158 109.15989598 13.40098158 0 P 0
L 108.94102164 1.05968546 109.24102104 1.05968546 0 P 0
L 108.94102164 1.8096865 109.24102104 1.8096865 0 P 0
L 108.9662667 8.14539138 108.9662667 8.44539078 0 P 0
L 109.00989628 13.25098188 109.00989628 13.55098128 0 P 0
L 109.09102134 0.90968576 109.09102134 1.20968516 0 P 0
L 109.09102134 1.6596868 109.09102134 1.9596862 0 P 0
L 109.19942092 12.96932128 109.49942032 12.96932128 0 P 0
L 109.34942062 12.81932158 109.34942062 13.11932098 0 P 0
L 109.41497294 20.4208507 109.71497234 20.4208507 0 P 0
L 109.56497264 20.270851 109.56497264 20.5708504 0 P 0
L 109.6084422 19.80700636 109.9084416 19.80700636 0 P 0
L 109.7584419 19.65700666 109.7584419 19.95700606 0 P 0
L 109.94530462 20.95118238 110.24530402 20.95118238 0 P 0
L 110.03635092 4.08341068 110.33635032 4.08341068 0 P 0
L 110.09530432 20.80118268 110.09530432 21.10118208 0 P 0
L 110.18635062 3.93341098 110.18635062 4.23341038 0 P 0
L 110.5604342 20.83455828 110.8604336 20.83455828 0 P 0
L 110.57542274 4.07551128 110.87542214 4.07551128 0 P 0
L 110.7104339 20.68455858 110.7104339 20.98455798 0 P 0
L 110.72542244 3.92551158 110.72542244 4.22551098 0 P 0
L 111.3075498 9.47812684 111.6075492 9.47812684 0 P 0
L 111.32542378 4.07551128 111.62542318 4.07551128 0 P 0
L 111.4575495 9.32812714 111.4575495 9.62812654 0 P 0
L 111.47542348 3.92551158 111.47542348 4.22551098 0 P 0
L 111.851567 4.0768778 112.1515664 4.0768778 0 P 0
L 111.8530402 9.458833 112.1530396 9.458833 0 P 0
L 112.0015667 3.9268781 112.0015667 4.2268775 0 P 0
L 112.0030399 9.3088333 112.0030399 9.6088327 0 P 0
L 112.60304124 9.458833 112.90304064 9.458833 0 P 0
L 112.75304094 9.3088333 112.75304094 9.6088327 0 P 0
L 112.95041164 24.31759932 113.25041104 24.31759932 0 P 0
L 113.10041134 24.16759962 113.10041134 24.46759902 0 P 0
L 113.18001748 9.41815744 113.48001688 9.41815744 0 P 0
L 113.30281632 23.892256 113.60281572 23.892256 0 P 0
L 113.33001718 9.26815774 113.33001718 9.56815714 0 P 0
L 113.45281602 23.7422563 113.45281602 24.0422557 0 P 0
L 113.833148 23.36192432 114.1331474 23.36192432 0 P 0
L 113.9831477 23.21192462 113.9831477 23.51192402 0 P 0
L 114.23509284 22.9349808 114.53509224 22.9349808 0 P 0
L 114.38509254 22.7849811 114.38509254 23.0849805 0 P 0
L 116.41849716 23.3313986 116.71849656 23.3313986 0 P 0
L 116.56849686 23.1813989 116.56849686 23.4813983 0 P 0
L 117.09387046 23.3367834 117.39386986 23.3367834 0 P 0
L 117.24387016 23.1867837 117.24387016 23.4867831 0 P 0
L 117.8438715 23.3367834 118.1438709 23.3367834 0 P 0
L 117.9938712 23.1867837 117.9938712 23.4867831 0 P 0
L 118.49999668 23.32345348 118.79999608 23.32345348 0 P 0
L 118.64999638 23.17345378 118.64999638 23.47345318 0 P 0
L 119.89733704 1.09565186 120.19733644 1.09565186 0 P 0
L 119.89733704 1.8456529 120.19733644 1.8456529 0 P 0
L 120.04733674 0.94565216 120.04733674 1.24565156 0 P 0
L 120.04733674 1.6956532 120.04733674 1.9956526 0 P 0
L 120.25827612 2.25077528 120.55827552 2.25077528 0 P 0
L 120.373267 0.84798408 120.6732664 0.84798408 0 P 0
L 120.40827582 2.10077558 120.40827582 2.40077498 0 P 0
L 120.5232667 0.69798438 120.5232667 0.99798378 0 P 0
L 121.18964332 5.6312816 121.48964272 5.6312816 0 P 0
L 121.33964302 5.4812819 121.33964302 5.7812813 0 P 0
L 121.71262424 5.6138318 122.01262364 5.6138318 0 P 0
L 121.71343196 12.23301592 122.01343136 12.23301592 0 P 0
L 121.79595148 14.3490696 122.09595088 14.3490696 0 P 0
L 121.81098828 10.78480444 122.11098768 10.78480444 0 P 0
L 121.86262394 5.4638321 121.86262394 5.7638315 0 P 0
L 121.86343166 12.08301622 121.86343166 12.38301562 0 P 0
L 121.87849132 15.76726844 122.17849072 15.76726844 0 P 0
L 121.94595118 14.1990699 121.94595118 14.4990693 0 P 0
L 121.96098798 10.63480474 121.96098798 10.93480414 0 P 0
L 122.02849102 15.61726874 122.02849102 15.91726814 0 P 0
L 122.21135324 11.22155744 122.51135264 11.22155744 0 P 0
L 122.21135324 11.97155848 122.51135264 11.97155848 0 P 0
L 122.24650684 14.63234056 122.54650624 14.63234056 0 P 0
L 122.24650684 15.3823416 122.54650624 15.3823416 0 P 0
L 122.29136324 2.71711166 122.59136264 2.71711166 0 P 0
L 122.29136324 3.4671127 122.59136264 3.4671127 0 P 0
L 122.36135294 11.07155774 122.36135294 11.37155714 0 P 0
L 122.36135294 11.82155878 122.36135294 12.12155818 0 P 0
L 122.39650654 14.48234086 122.39650654 14.78234026 0 P 0
L 122.39650654 15.2323419 122.39650654 15.5323413 0 P 0
L 122.44136294 2.56711196 122.44136294 2.86711136 0 P 0
L 122.44136294 3.317113 122.44136294 3.6171124 0 P 0
L 122.46262528 5.6138318 122.76262468 5.6138318 0 P 0
L 122.56944244 3.9640256 122.86944184 3.9640256 0 P 0
L 122.61262498 5.4638321 122.61262498 5.7638315 0 P 0
L 122.71944214 3.8140259 122.71944214 4.1140253 0 P 0
L 122.7764118 2.43475256 123.0764112 2.43475256 0 P 0
L 122.9264115 2.28475286 122.9264115 2.58475226 0 P 0
L 122.99488228 5.5967884 123.29488168 5.5967884 0 P 0
L 123.14488198 5.4467887 123.14488198 5.7467881 0 P 0
L 125.37789504 7.16467706 125.67789444 7.16467706 0 P 0
L 125.37789504 7.9146781 125.67789444 7.9146781 0 P 0
L 125.3977426 8.46616036 125.697742 8.46616036 0 P 0
L 125.42775524 6.56022564 125.72775464 6.56022564 0 P 0
L 125.52789474 7.01467736 125.52789474 7.31467676 0 P 0
L 125.52789474 7.7646784 125.52789474 8.0646778 0 P 0
L 125.5477423 8.31616066 125.5477423 8.61616006 0 P 0
L 125.57775494 6.41022594 125.57775494 6.71022534 0 P 0
L 125.8102386 14.298422 126.110238 14.298422 0 P 0
L 125.82754108 12.36025976 126.12754048 12.36025976 0 P 0
L 125.87945868 10.82011044 126.17945808 10.82011044 0 P 0
L 125.9602383 14.1484223 125.9602383 14.4484217 0 P 0
L 125.97754078 12.21026006 125.97754078 12.51025946 0 P 0
L 126.02945838 10.67011074 126.02945838 10.97011014 0 P 0
L 126.08797236 23.42299862 126.38797176 23.42299862 0 P 0
L 126.08797236 24.17299966 126.38797176 24.17299966 0 P 0
L 126.10300916 22.81499628 126.40300856 22.81499628 0 P 0
L 126.10300916 24.75348872 126.40300856 24.75348872 0 P 0
L 126.20319184 13.13234102 126.50319124 13.13234102 0 P 0
L 126.20319184 13.88234206 126.50319124 13.88234206 0 P 0
L 126.23797206 23.27299892 126.23797206 23.57299832 0 P 0
L 126.23797206 24.02299996 126.23797206 24.32299936 0 P 0
L 126.24289204 11.22155744 126.54289144 11.22155744 0 P 0
L 126.24289204 11.97155848 126.54289144 11.97155848 0 P 0
L 126.25300886 22.66499658 126.25300886 22.96499598 0 P 0
L 126.25300886 24.60348902 126.25300886 24.90348842 0 P 0
L 126.35319154 12.98234132 126.35319154 13.28234072 0 P 0
L 126.35319154 13.73234236 126.35319154 14.03234176 0 P 0
L 126.39289174 11.07155774 126.39289174 11.37155714 0 P 0
L 126.39289174 11.82155878 126.39289174 12.12155818 0 P 0
L 126.72740212 12.84480032 127.02740152 12.84480032 0 P 0
L 126.87740182 12.69480062 126.87740182 12.99480002 0 P 0
L 127.770001 8.6549992 128.21999756 8.6549992 0 P 0
L 127.770001 16.3450016 128.21999756 16.3450016 0 P 0
L 127.89059004 18.07630624 128.19058944 18.07630624 0 P 0
L 127.90077544 18.81669084 128.20077484 18.81669084 0 P 0
L 127.90077544 19.56669188 128.20077484 19.56669188 0 P 0
L 127.92401644 20.2382374 128.22401584 20.2382374 0 P 0
L 127.99499928 8.43000092 127.99499928 8.87999748 0 P 0
L 127.99499928 16.12000332 127.99499928 16.56999988 0 P 0
L 128.04058974 17.92630654 128.04058974 18.22630594 0 P 0
L 128.05077514 18.66669114 128.05077514 18.96669054 0 P 0
L 128.05077514 19.41669218 128.05077514 19.71669158 0 P 0
L 128.07401614 20.0882377 128.07401614 20.3882371 0 P 0
L 129.2049994 8.89999998 129.88499804 8.89999998 0 P 0
L 129.2049994 16.10000082 129.88499804 16.10000082 0 P 0
L 129.54499872 8.56000066 129.54499872 9.2399993 0 P 0
L 129.54499872 15.7600015 129.54499872 16.44000014 0 P 0
L 129.99500036 9.70000092 130.39499956 9.70000092 0 P 0
L 129.99500036 11.30000026 130.39499956 11.30000026 0 P 0
L 129.99500036 12.1000012 130.39499956 12.1000012 0 P 0
L 129.99500036 12.8999996 130.39499956 12.8999996 0 P 0
L 129.99500036 13.70000054 130.39499956 13.70000054 0 P 0
L 129.99500036 15.29999988 130.39499956 15.29999988 0 P 0
L 130.19499996 9.50000132 130.19499996 9.90000052 0 P 0
L 130.19499996 11.10000066 130.19499996 11.49999986 0 P 0
L 130.19499996 11.9000016 130.19499996 12.3000008 0 P 0
L 130.19499996 12.7 130.19499996 13.0999992 0 P 0
L 130.19499996 13.50000094 130.19499996 13.90000014 0 P 0
L 130.19499996 15.10000028 130.19499996 15.49999948 0 P 0
L 130.46999814 8.28000122 131.11999938 8.28000122 0 P 0
L 130.46999814 16.71999958 131.11999938 16.71999958 0 P 0
L 130.69499896 10.10000012 131.09499816 10.10000012 0 P 0
L 130.69499896 10.90000106 131.09499816 10.90000106 0 P 0
L 130.69499896 11.69999946 131.09499816 11.69999946 0 P 0
L 130.69499896 13.30000134 131.09499816 13.30000134 0 P 0
L 130.69499896 14.09999974 131.09499816 14.09999974 0 P 0
L 130.69499896 14.90000068 131.09499816 14.90000068 0 P 0
L 130.79499876 7.9550006 130.79499876 8.60500184 0 P 0
L 130.79499876 16.39499896 130.79499876 17.0450002 0 P 0
L 130.80000002 2.99999908 133.2000003 2.99999908 0 P 0
L 130.80000002 21.99999918 133.2000003 21.99999918 0 P 0
L 130.89499856 9.90000052 130.89499856 10.29999972 0 P 0
L 130.89499856 10.70000146 130.89499856 11.10000066 0 P 0
L 130.89499856 11.49999986 130.89499856 11.89999906 0 P 0
L 130.89499856 13.10000174 130.89499856 13.50000094 0 P 0
L 130.89499856 13.90000014 130.89499856 14.29999934 0 P 0
L 130.89499856 14.70000108 130.89499856 15.10000028 0 P 0
L 132.00000016 1.79999894 132.00000016 4.19999922 0 P 0
L 132.00000016 20.79999904 132.00000016 23.19999932 0 P 0
L 133.0350019 7.99999924 133.58499826 7.99999924 0 P 0
L 133.0350019 17.00000156 133.58499826 17.00000156 0 P 0
L 133.31000008 7.72500106 133.31000008 8.27499742 0 P 0
L 133.31000008 16.72500338 133.31000008 17.27499974 0 P 0
