UNITS=MM
#Layer_Color=32768
#
#Feature symbol names
#
$0 r152.4

#
#Feature attribute names
#

#
#Layer features
#
A 5.89999836 2.99999908 5.89999836 2.99999908 2.99999908 2.99999908 0 P 0 N
A 5.89999836 26.99999934 5.89999836 26.99999934 2.99999908 26.99999934 0 P 0 N
A 144.89999722 2.99999908 144.89999722 2.99999908 141.99999794 2.99999908 0 P 0 N
A 144.89999722 26.9999968 144.89999722 26.9999968 141.99999794 26.9999968 0 P 0 N
L -0.57500012 9.66600048 -0.57500012 20.33400048 0 P 0
L -0.57500012 9.66600048 8.44199988 9.66600048 0 P 0
L -0.57500012 20.33400048 8.44199988 20.33400048 0 P 0
L 8.44199988 9.66600048 8.44199988 20.33400048 0 P 0
L 10.65423574 9.49164218 10.65423574 21.50664228 0 P 0
L 10.65423574 9.49164218 12.17823574 9.49164218 0 P 0
L 10.65423574 21.50664228 22.46523574 21.50664228 0 P 0
L 12.17823574 3.72664228 12.17823574 9.49164218 0 P 0
L 12.17823574 3.72664228 20.94123574 3.72664228 0 P 0
L 20.94123574 3.72664228 20.94123574 9.49164218 0 P 0
L 20.94123574 9.49164218 22.46523574 9.49164218 0 P 0
L 22.46523574 9.49164218 22.46523574 21.50664228 0 P 0
L 25.82876216 11.1500031 25.82876216 13.15000418 0 P 0
L 25.82876216 11.1500031 27.32876424 11.1500031 0 P 0
L 25.82876216 13.15000418 27.32876424 13.15000418 0 P 0
L 27.32876424 11.1500031 27.32876424 13.15000418 0 P 0
L 27.80699798 6.87499768 27.80699798 10.68499768 0 P 0
L 27.80699798 6.87499768 28.94999798 6.87499768 0 P 0
L 27.80699798 10.68499768 28.82299798 10.68499768 0 P 0
L 28.82299798 10.68499768 28.82299798 14.01299966 0 P 0
L 28.82299798 14.01299966 44.31699798 14.01299966 0 P 0
L 28.94999798 -3.00500034 28.94999798 6.87499768 0 P 0
L 28.94999798 -3.00500034 44.31699798 -3.00500034 0 P 0
L 33.0219177 14.70405238 33.0219177 15.47052278 0 P 0
L 33.0219177 14.70405238 33.42010842 14.70405238 0 P 0
L 33.0219177 15.47052278 33.42010842 15.47052278 0 P 0
L 33.42010842 14.70405238 33.42010842 15.47052278 0 P 0
L 33.72191884 14.70405238 33.72191884 15.47052278 0 P 0
L 33.72191884 14.70405238 34.12010956 14.70405238 0 P 0
L 33.72191884 15.47052278 34.12010956 15.47052278 0 P 0
L 34.12010956 14.70405238 34.12010956 15.47052278 0 P 0
L 35.0699959 16.46561604 35.0699959 18.36561732 0 P 0
L 35.0699959 16.46561604 38.06999498 16.46561604 0 P 0
L 35.0699959 18.36561732 38.06999498 18.36561732 0 P 0
L 38.06999498 16.46561604 38.06999498 18.36561732 0 P 0
L 44.31699798 -3.00500034 44.31699798 6.87499768 0 P 0
L 44.31699798 6.87499768 45.33299798 6.87499768 0 P 0
L 44.31699798 10.68499768 44.31699798 14.01299966 0 P 0
L 44.31699798 10.68499768 45.33299798 10.68499768 0 P 0
L 45.33299798 6.87499768 45.33299798 10.68499768 0 P 0
L 45.85168376 11.1500031 45.85168376 13.15000418 0 P 0
L 45.85168376 11.1500031 47.35168584 11.1500031 0 P 0
L 45.85168376 13.15000418 47.35168584 13.15000418 0 P 0
L 47.35168584 11.1500031 47.35168584 13.15000418 0 P 0
L 47.80699862 6.87499768 47.80699862 10.68499768 0 P 0
L 47.80699862 6.87499768 48.94999862 6.87499768 0 P 0
L 47.80699862 10.68499768 48.82299862 10.68499768 0 P 0
L 48.82299862 10.68499768 48.82299862 14.01299966 0 P 0
L 48.82299862 14.01299966 64.31699862 14.01299966 0 P 0
L 48.94999862 -3.00500034 48.94999862 6.87499768 0 P 0
L 48.94999862 -3.00500034 64.31699862 -3.00500034 0 P 0
L 53.02191834 14.7000468 53.02191834 15.4665172 0 P 0
L 53.02191834 14.7000468 53.42010906 14.7000468 0 P 0
L 53.02191834 15.4665172 53.42010906 15.4665172 0 P 0
L 53.42010906 14.7000468 53.42010906 15.4665172 0 P 0
L 53.72191694 14.7000468 53.72191694 15.4665172 0 P 0
L 53.72191694 14.7000468 54.12010766 14.7000468 0 P 0
L 53.72191694 15.4665172 54.12010766 15.4665172 0 P 0
L 54.12010766 14.7000468 54.12010766 15.4665172 0 P 0
L 55.06999654 16.46561604 55.06999654 18.36561732 0 P 0
L 55.06999654 16.46561604 58.06999562 16.46561604 0 P 0
L 55.06999654 18.36561732 58.06999562 18.36561732 0 P 0
L 58.06999562 16.46561604 58.06999562 18.36561732 0 P 0
L 64.31699862 -3.00500034 64.31699862 6.87499768 0 P 0
L 64.31699862 6.87499768 65.33299862 6.87499768 0 P 0
L 64.31699862 10.68499768 64.31699862 14.01299966 0 P 0
L 64.31699862 10.68499768 65.33299862 10.68499768 0 P 0
L 65.33299862 6.87499768 65.33299862 10.68499768 0 P 0
L 65.89305592 10.44999942 65.89305592 12.4500005 0 P 0
L 65.89305592 10.44999942 67.393058 10.44999942 0 P 0
L 65.89305592 12.4500005 67.393058 12.4500005 0 P 0
L 67.393058 10.44999942 67.393058 12.4500005 0 P 0
L 67.80699672 6.87499768 67.80699672 10.68499768 0 P 0
L 67.80699672 6.87499768 68.94999672 6.87499768 0 P 0
L 67.80699672 10.68499768 68.82299672 10.68499768 0 P 0
L 68.82299672 10.68499768 68.82299672 14.01299966 0 P 0
L 68.82299672 14.01299966 84.31699672 14.01299966 0 P 0
L 68.94999672 -3.00500034 68.94999672 6.87499768 0 P 0
L 68.94999672 -3.00500034 84.31699672 -3.00500034 0 P 0
L 73.03309498 13.93320048 73.03309498 14.69967088 0 P 0
L 73.03309498 13.93320048 73.4312857 13.93320048 0 P 0
L 73.03309498 14.69967088 73.4312857 14.69967088 0 P 0
L 73.4312857 13.93320048 73.4312857 14.69967088 0 P 0
L 73.73309358 13.93320048 73.73309358 14.69967088 0 P 0
L 73.73309358 13.93320048 74.1312843 13.93320048 0 P 0
L 73.73309358 14.69967088 74.1312843 14.69967088 0 P 0
L 74.1312843 13.93320048 74.1312843 14.69967088 0 P 0
L 75.06999718 15.16210328 75.06999718 17.06210456 0 P 0
L 75.06999718 15.16210328 78.06999626 15.16210328 0 P 0
L 75.06999718 17.06210456 78.06999626 17.06210456 0 P 0
L 78.06999626 15.16210328 78.06999626 17.06210456 0 P 0
L 84.31699672 -3.00500034 84.31699672 6.87499768 0 P 0
L 84.31699672 6.87499768 85.33299672 6.87499768 0 P 0
L 84.31699672 10.68499768 84.31699672 14.01299966 0 P 0
L 84.31699672 10.68499768 85.33299672 10.68499768 0 P 0
L 85.33299672 6.87499768 85.33299672 10.68499768 0 P 0
L 85.8068896 10.37993606 85.8068896 12.37993714 0 P 0
L 85.8068896 10.37993606 87.30689168 10.37993606 0 P 0
L 85.8068896 12.37993714 87.30689168 12.37993714 0 P 0
L 87.30689168 10.37993606 87.30689168 12.37993714 0 P 0
L 87.80699736 6.87499768 87.80699736 10.68499768 0 P 0
L 87.80699736 6.87499768 88.94999736 6.87499768 0 P 0
L 87.80699736 10.68499768 88.82299736 10.68499768 0 P 0
L 88.82299736 10.68499768 88.82299736 14.01299966 0 P 0
L 88.82299736 14.01299966 104.31699736 14.01299966 0 P 0
L 88.94999736 -3.00500034 88.94999736 6.87499768 0 P 0
L 88.94999736 -3.00500034 104.31699736 -3.00500034 0 P 0
L 93.0465246 13.9331954 93.0465246 14.6996658 0 P 0
L 93.0465246 13.9331954 93.44471532 13.9331954 0 P 0
L 93.0465246 14.6996658 93.44471532 14.6996658 0 P 0
L 93.44471532 13.9331954 93.44471532 14.6996658 0 P 0
L 93.74652574 13.9331954 93.74652574 14.6996658 0 P 0
L 93.74652574 13.9331954 94.14471646 13.9331954 0 P 0
L 93.74652574 14.6996658 94.14471646 14.6996658 0 P 0
L 94.14471646 13.9331954 94.14471646 14.6996658 0 P 0
L 95.06999782 15.16210328 95.06999782 17.06210456 0 P 0
L 95.06999782 15.16210328 98.0699969 15.16210328 0 P 0
L 95.06999782 17.06210456 98.0699969 17.06210456 0 P 0
L 98.0699969 15.16210328 98.0699969 17.06210456 0 P 0
L 104.31699736 -3.00500034 104.31699736 6.87499768 0 P 0
L 104.31699736 6.87499768 105.33299736 6.87499768 0 P 0
L 104.31699736 10.68499768 104.31699736 14.01299966 0 P 0
L 104.31699736 10.68499768 105.33299736 10.68499768 0 P 0
L 105.33299736 6.87499768 105.33299736 10.68499768 0 P 0
L 116.32057508 8.60194114 123.863989 16.14535506 0 P 0
L 116.32057508 8.60194114 123.9537907 0.96872298 0 P 0
L 123.67980344 21.73219428 123.67980344 22.130385 0 P 0
L 123.67980344 21.73219428 124.44627384 21.73219428 0 P 0
L 123.67980344 22.130385 124.44627384 22.130385 0 P 0
L 123.68404016 22.2216726 123.68404016 22.61986332 0 P 0
L 123.68404016 22.2216726 124.45051056 22.2216726 0 P 0
L 123.68404016 22.61986332 124.45051056 22.61986332 0 P 0
L 123.863989 16.14535506 131.49720716 8.51213944 0 P 0
L 123.9537907 0.96872298 131.49720716 8.51213944 0 P 0
L 124.44627384 21.73219428 124.44627384 22.130385 0 P 0
L 124.45051056 22.2216726 124.45051056 22.61986332 0 P 0
L 125.1629069 19.77968358 125.1629069 25.49468358 0 P 0
L 125.1629069 19.77968358 128.9729069 19.77968358 0 P 0
L 125.1629069 25.49468358 128.9729069 25.49468358 0 P 0
L 128.9729069 19.77968358 128.9729069 25.49468358 0 P 0
L 131.99920768 13.8060684 131.99920768 14.20425912 0 P 0
L 131.99920768 13.8060684 132.76567808 13.8060684 0 P 0
L 131.99920768 14.20425912 132.76567808 14.20425912 0 P 0
L 131.99920768 14.3060928 131.99920768 14.70428352 0 P 0
L 131.99920768 14.3060928 132.76567808 14.3060928 0 P 0
L 131.99920768 14.70428352 132.76567808 14.70428352 0 P 0
L 132.76567808 13.8060684 132.76567808 14.20425912 0 P 0
L 132.76567808 14.3060928 132.76567808 14.70428352 0 P 0
L 133.1079507 13.50619346 133.1079507 16.50619254 0 P 0
L 133.1079507 13.50619346 135.00795198 13.50619346 0 P 0
L 133.1079507 16.50619254 135.00795198 16.50619254 0 P 0
L 135.00795198 13.50619346 135.00795198 16.50619254 0 P 0
L 136.19299914 9.53900048 136.19299914 20.46100048 0 P 0
L 136.19299914 9.53900048 146.24999706 9.53900048 0 P 0
L 136.19299914 20.46100048 146.24999706 20.46100048 0 P 0
L 146.24999706 9.53900048 146.24999706 20.46100048 0 P 0
